(((4, 1, 1), 2), ((3, 2, 1), 3), ((4, 2, 1), 6), ((4, 2, 1), 12), ((5, 2, 1), 25), ((4, 2, 1), 50))98
(((4, 1, 1), 2), ((4, 1, 1), 3), ((4, 2, 1), 6), ((4, 2, 1), 12), ((5, 2, 1), 25), ((4, 2, 1), 50))98
(((4, 1, 1), 2), ((5, 2, 2), 3), ((4, 2, 1), 6), ((4, 2, 1), 12), ((5, 2, 1), 25), ((4, 2, 1), 50))98
(((4, 2, 1), 2), ((3, 2, 1), 3), ((4, 2, 1), 6), ((4, 2, 1), 12), ((5, 2, 1), 25), ((4, 2, 1), 50))98
(((4, 2, 1), 2), ((4, 1, 1), 3), ((4, 2, 1), 6), ((4, 2, 1), 12), ((5, 2, 1), 25), ((4, 2, 1), 50))98
(((4, 2, 1), 2), ((5, 2, 2), 3), ((4, 2, 1), 6), ((4, 2, 1), 12), ((5, 2, 1), 25), ((4, 2, 1), 50))98
(((4, 1, 1), 2), ((3, 2, 1), 3), ((4, 2, 1), 6), ((5, 2, 1), 13), ((3, 2, 1), 25), ((4, 2, 1), 50))99
(((4, 1, 1), 2), ((3, 2, 1), 3), ((4, 2, 1), 6), ((5, 2, 1), 13), ((5, 2, 2), 25), ((4, 2, 1), 50))99
(((4, 1, 1), 2), ((3, 2, 1), 3), ((5, 2, 1), 7), ((4, 2, 2), 12), ((5, 2, 1), 25), ((4, 2, 1), 50))99
(((4, 1, 1), 2), ((4, 1, 1), 3), ((4, 2, 1), 6), ((5, 2, 1), 13), ((3, 2, 1), 25), ((4, 2, 1), 50))99
(((4, 1, 1), 2), ((4, 1, 1), 3), ((4, 2, 1), 6), ((5, 2, 1), 13), ((5, 2, 2), 25), ((4, 2, 1), 50))99
(((4, 1, 1), 2), ((4, 1, 1), 3), ((5, 2, 1), 7), ((4, 2, 2), 12), ((5, 2, 1), 25), ((4, 2, 1), 50))99
(((4, 1, 1), 2), ((4, 2, 1), 4), ((4, 2, 2), 6), ((4, 2, 1), 12), ((5, 2, 1), 25), ((4, 2, 1), 50))99
(((4, 1, 1), 2), ((4, 2, 1), 4), ((5, 1, 1), 6), ((4, 2, 1), 12), ((5, 2, 1), 25), ((4, 2, 1), 50))99
(((4, 1, 1), 2), ((5, 1, 1), 4), ((4, 2, 2), 6), ((4, 2, 1), 12), ((5, 2, 1), 25), ((4, 2, 1), 50))99
(((4, 1, 1), 2), ((5, 1, 1), 4), ((5, 1, 1), 6), ((4, 2, 1), 12), ((5, 2, 1), 25), ((4, 2, 1), 50))99
(((4, 1, 1), 2), ((5, 2, 2), 3), ((4, 2, 1), 6), ((5, 2, 1), 13), ((3, 2, 1), 25), ((4, 2, 1), 50))99
(((4, 1, 1), 2), ((5, 2, 2), 3), ((4, 2, 1), 6), ((5, 2, 1), 13), ((5, 2, 2), 25), ((4, 2, 1), 50))99
(((4, 1, 1), 2), ((5, 2, 2), 3), ((5, 2, 1), 7), ((4, 2, 2), 12), ((5, 2, 1), 25), ((4, 2, 1), 50))99
(((4, 2, 1), 2), ((3, 2, 1), 3), ((4, 2, 1), 6), ((5, 2, 1), 13), ((3, 2, 1), 25), ((4, 2, 1), 50))99
(((4, 2, 1), 2), ((3, 2, 1), 3), ((4, 2, 1), 6), ((5, 2, 1), 13), ((5, 2, 2), 25), ((4, 2, 1), 50))99
(((4, 2, 1), 2), ((3, 2, 1), 3), ((5, 2, 1), 7), ((4, 2, 2), 12), ((5, 2, 1), 25), ((4, 2, 1), 50))99
(((4, 2, 1), 2), ((4, 1, 1), 3), ((4, 2, 1), 6), ((5, 2, 1), 13), ((3, 2, 1), 25), ((4, 2, 1), 50))99
(((4, 2, 1), 2), ((4, 1, 1), 3), ((4, 2, 1), 6), ((5, 2, 1), 13), ((5, 2, 2), 25), ((4, 2, 1), 50))99
(((4, 2, 1), 2), ((4, 1, 1), 3), ((5, 2, 1), 7), ((4, 2, 2), 12), ((5, 2, 1), 25), ((4, 2, 1), 50))99
(((4, 2, 1), 2), ((4, 2, 1), 4), ((4, 2, 2), 6), ((4, 2, 1), 12), ((5, 2, 1), 25), ((4, 2, 1), 50))99
(((4, 2, 1), 2), ((4, 2, 1), 4), ((5, 1, 1), 6), ((4, 2, 1), 12), ((5, 2, 1), 25), ((4, 2, 1), 50))99
(((4, 2, 1), 2), ((5, 1, 1), 4), ((4, 2, 2), 6), ((4, 2, 1), 12), ((5, 2, 1), 25), ((4, 2, 1), 50))99
(((4, 2, 1), 2), ((5, 1, 1), 4), ((5, 1, 1), 6), ((4, 2, 1), 12), ((5, 2, 1), 25), ((4, 2, 1), 50))99
(((4, 2, 1), 2), ((5, 2, 2), 3), ((4, 2, 1), 6), ((5, 2, 1), 13), ((3, 2, 1), 25), ((4, 2, 1), 50))99
(((4, 2, 1), 2), ((5, 2, 2), 3), ((4, 2, 1), 6), ((5, 2, 1), 13), ((5, 2, 2), 25), ((4, 2, 1), 50))99
(((4, 2, 1), 2), ((5, 2, 2), 3), ((5, 2, 1), 7), ((4, 2, 2), 12), ((5, 2, 1), 25), ((4, 2, 1), 50))99
(((4, 1, 1), 2), ((3, 2, 1), 3), ((4, 2, 1), 6), ((5, 2, 1), 13), ((4, 2, 1), 26), ((4, 2, 2), 50))100
(((4, 1, 1), 2), ((3, 2, 1), 3), ((5, 2, 1), 7), ((3, 2, 1), 13), ((3, 2, 1), 25), ((4, 2, 1), 50))100
(((4, 1, 1), 2), ((3, 2, 1), 3), ((5, 2, 1), 7), ((3, 2, 1), 13), ((5, 2, 2), 25), ((4, 2, 1), 50))100
(((4, 1, 1), 2), ((3, 2, 1), 3), ((5, 2, 1), 7), ((5, 2, 2), 13), ((3, 2, 1), 25), ((4, 2, 1), 50))100
(((4, 1, 1), 2), ((3, 2, 1), 3), ((5, 2, 1), 7), ((5, 2, 2), 13), ((5, 2, 2), 25), ((4, 2, 1), 50))100
(((4, 1, 1), 2), ((4, 1, 1), 3), ((4, 2, 1), 6), ((5, 2, 1), 13), ((4, 2, 1), 26), ((4, 2, 2), 50))100
(((4, 1, 1), 2), ((4, 1, 1), 3), ((5, 2, 1), 7), ((3, 2, 1), 13), ((3, 2, 1), 25), ((4, 2, 1), 50))100
(((4, 1, 1), 2), ((4, 1, 1), 3), ((5, 2, 1), 7), ((3, 2, 1), 13), ((5, 2, 2), 25), ((4, 2, 1), 50))100
(((4, 1, 1), 2), ((4, 1, 1), 3), ((5, 2, 1), 7), ((5, 2, 2), 13), ((3, 2, 1), 25), ((4, 2, 1), 50))100
(((4, 1, 1), 2), ((4, 1, 1), 3), ((5, 2, 1), 7), ((5, 2, 2), 13), ((5, 2, 2), 25), ((4, 2, 1), 50))100
(((4, 1, 1), 2), ((4, 2, 1), 4), ((3, 2, 1), 7), ((4, 2, 2), 12), ((5, 2, 1), 25), ((4, 2, 1), 50))100
(((4, 1, 1), 2), ((4, 2, 1), 4), ((4, 2, 2), 6), ((5, 2, 1), 13), ((3, 2, 1), 25), ((4, 2, 1), 50))100
(((4, 1, 1), 2), ((4, 2, 1), 4), ((4, 2, 2), 6), ((5, 2, 1), 13), ((5, 2, 2), 25), ((4, 2, 1), 50))100
(((4, 1, 1), 2), ((4, 2, 1), 4), ((5, 1, 1), 6), ((5, 2, 1), 13), ((3, 2, 1), 25), ((4, 2, 1), 50))100
(((4, 1, 1), 2), ((4, 2, 1), 4), ((5, 1, 1), 6), ((5, 2, 1), 13), ((5, 2, 2), 25), ((4, 2, 1), 50))100
(((4, 1, 1), 2), ((4, 2, 1), 4), ((5, 2, 2), 7), ((4, 2, 2), 12), ((5, 2, 1), 25), ((4, 2, 1), 50))100
(((4, 1, 1), 2), ((5, 1, 1), 4), ((3, 2, 1), 7), ((4, 2, 2), 12), ((5, 2, 1), 25), ((4, 2, 1), 50))100
(((4, 1, 1), 2), ((5, 1, 1), 4), ((4, 2, 2), 6), ((5, 2, 1), 13), ((3, 2, 1), 25), ((4, 2, 1), 50))100
(((4, 1, 1), 2), ((5, 1, 1), 4), ((4, 2, 2), 6), ((5, 2, 1), 13), ((5, 2, 2), 25), ((4, 2, 1), 50))100
(((4, 1, 1), 2), ((5, 1, 1), 4), ((5, 1, 1), 6), ((5, 2, 1), 13), ((3, 2, 1), 25), ((4, 2, 1), 50))100
(((4, 1, 1), 2), ((5, 1, 1), 4), ((5, 1, 1), 6), ((5, 2, 1), 13), ((5, 2, 2), 25), ((4, 2, 1), 50))100
(((4, 1, 1), 2), ((5, 1, 1), 4), ((5, 2, 2), 7), ((4, 2, 2), 12), ((5, 2, 1), 25), ((4, 2, 1), 50))100
(((4, 1, 1), 2), ((5, 2, 1), 5), ((4, 1, 1), 6), ((4, 2, 1), 12), ((5, 2, 1), 25), ((4, 2, 1), 50))100
(((4, 1, 1), 2), ((5, 2, 2), 3), ((4, 2, 1), 6), ((5, 2, 1), 13), ((4, 2, 1), 26), ((4, 2, 2), 50))100
(((4, 1, 1), 2), ((5, 2, 2), 3), ((5, 2, 1), 7), ((3, 2, 1), 13), ((3, 2, 1), 25), ((4, 2, 1), 50))100
(((4, 1, 1), 2), ((5, 2, 2), 3), ((5, 2, 1), 7), ((3, 2, 1), 13), ((5, 2, 2), 25), ((4, 2, 1), 50))100
(((4, 1, 1), 2), ((5, 2, 2), 3), ((5, 2, 1), 7), ((5, 2, 2), 13), ((3, 2, 1), 25), ((4, 2, 1), 50))100
(((4, 1, 1), 2), ((5, 2, 2), 3), ((5, 2, 1), 7), ((5, 2, 2), 13), ((5, 2, 2), 25), ((4, 2, 1), 50))100
(((4, 2, 1), 2), ((3, 2, 1), 3), ((4, 2, 1), 6), ((5, 2, 1), 13), ((4, 2, 1), 26), ((4, 2, 2), 50))100
(((4, 2, 1), 2), ((3, 2, 1), 3), ((5, 2, 1), 7), ((3, 2, 1), 13), ((3, 2, 1), 25), ((4, 2, 1), 50))100
(((4, 2, 1), 2), ((3, 2, 1), 3), ((5, 2, 1), 7), ((3, 2, 1), 13), ((5, 2, 2), 25), ((4, 2, 1), 50))100
(((4, 2, 1), 2), ((3, 2, 1), 3), ((5, 2, 1), 7), ((5, 2, 2), 13), ((3, 2, 1), 25), ((4, 2, 1), 50))100
(((4, 2, 1), 2), ((3, 2, 1), 3), ((5, 2, 1), 7), ((5, 2, 2), 13), ((5, 2, 2), 25), ((4, 2, 1), 50))100
(((4, 2, 1), 2), ((4, 1, 1), 3), ((4, 2, 1), 6), ((5, 2, 1), 13), ((4, 2, 1), 26), ((4, 2, 2), 50))100
(((4, 2, 1), 2), ((4, 1, 1), 3), ((5, 2, 1), 7), ((3, 2, 1), 13), ((3, 2, 1), 25), ((4, 2, 1), 50))100
(((4, 2, 1), 2), ((4, 1, 1), 3), ((5, 2, 1), 7), ((3, 2, 1), 13), ((5, 2, 2), 25), ((4, 2, 1), 50))100
(((4, 2, 1), 2), ((4, 1, 1), 3), ((5, 2, 1), 7), ((5, 2, 2), 13), ((3, 2, 1), 25), ((4, 2, 1), 50))100
(((4, 2, 1), 2), ((4, 1, 1), 3), ((5, 2, 1), 7), ((5, 2, 2), 13), ((5, 2, 2), 25), ((4, 2, 1), 50))100
(((4, 2, 1), 2), ((4, 2, 1), 4), ((3, 2, 1), 7), ((4, 2, 2), 12), ((5, 2, 1), 25), ((4, 2, 1), 50))100
(((4, 2, 1), 2), ((4, 2, 1), 4), ((4, 2, 2), 6), ((5, 2, 1), 13), ((3, 2, 1), 25), ((4, 2, 1), 50))100
(((4, 2, 1), 2), ((4, 2, 1), 4), ((4, 2, 2), 6), ((5, 2, 1), 13), ((5, 2, 2), 25), ((4, 2, 1), 50))100
(((4, 2, 1), 2), ((4, 2, 1), 4), ((5, 1, 1), 6), ((5, 2, 1), 13), ((3, 2, 1), 25), ((4, 2, 1), 50))100
(((4, 2, 1), 2), ((4, 2, 1), 4), ((5, 1, 1), 6), ((5, 2, 1), 13), ((5, 2, 2), 25), ((4, 2, 1), 50))100
(((4, 2, 1), 2), ((4, 2, 1), 4), ((5, 2, 2), 7), ((4, 2, 2), 12), ((5, 2, 1), 25), ((4, 2, 1), 50))100
(((4, 2, 1), 2), ((5, 1, 1), 4), ((3, 2, 1), 7), ((4, 2, 2), 12), ((5, 2, 1), 25), ((4, 2, 1), 50))100
(((4, 2, 1), 2), ((5, 1, 1), 4), ((4, 2, 2), 6), ((5, 2, 1), 13), ((3, 2, 1), 25), ((4, 2, 1), 50))100
(((4, 2, 1), 2), ((5, 1, 1), 4), ((4, 2, 2), 6), ((5, 2, 1), 13), ((5, 2, 2), 25), ((4, 2, 1), 50))100
(((4, 2, 1), 2), ((5, 1, 1), 4), ((5, 1, 1), 6), ((5, 2, 1), 13), ((3, 2, 1), 25), ((4, 2, 1), 50))100
(((4, 2, 1), 2), ((5, 1, 1), 4), ((5, 1, 1), 6), ((5, 2, 1), 13), ((5, 2, 2), 25), ((4, 2, 1), 50))100
(((4, 2, 1), 2), ((5, 1, 1), 4), ((5, 2, 2), 7), ((4, 2, 2), 12), ((5, 2, 1), 25), ((4, 2, 1), 50))100
(((4, 2, 1), 2), ((5, 2, 1), 5), ((4, 1, 1), 6), ((4, 2, 1), 12), ((5, 2, 1), 25), ((4, 2, 1), 50))100
(((4, 2, 1), 2), ((5, 2, 2), 3), ((4, 2, 1), 6), ((5, 2, 1), 13), ((4, 2, 1), 26), ((4, 2, 2), 50))100
(((4, 2, 1), 2), ((5, 2, 2), 3), ((5, 2, 1), 7), ((3, 2, 1), 13), ((3, 2, 1), 25), ((4, 2, 1), 50))100
(((4, 2, 1), 2), ((5, 2, 2), 3), ((5, 2, 1), 7), ((3, 2, 1), 13), ((5, 2, 2), 25), ((4, 2, 1), 50))100
(((4, 2, 1), 2), ((5, 2, 2), 3), ((5, 2, 1), 7), ((5, 2, 2), 13), ((3, 2, 1), 25), ((4, 2, 1), 50))100
(((4, 2, 1), 2), ((5, 2, 2), 3), ((5, 2, 1), 7), ((5, 2, 2), 13), ((5, 2, 2), 25), ((4, 2, 1), 50))100
(((5, 1, 1), 3), ((4, 1, 1), 4), ((4, 2, 2), 6), ((4, 2, 1), 12), ((5, 2, 1), 25), ((4, 2, 1), 50))100
(((5, 1, 1), 3), ((4, 1, 1), 4), ((5, 1, 1), 6), ((4, 2, 1), 12), ((5, 2, 1), 25), ((4, 2, 1), 50))100
(((5, 1, 1), 3), ((4, 2, 2), 4), ((4, 2, 2), 6), ((4, 2, 1), 12), ((5, 2, 1), 25), ((4, 2, 1), 50))100
(((5, 1, 1), 3), ((4, 2, 2), 4), ((5, 1, 1), 6), ((4, 2, 1), 12), ((5, 2, 1), 25), ((4, 2, 1), 50))100
(((5, 2, 1), 3), ((4, 1, 1), 4), ((4, 2, 2), 6), ((4, 2, 1), 12), ((5, 2, 1), 25), ((4, 2, 1), 50))100
(((5, 2, 1), 3), ((4, 1, 1), 4), ((5, 1, 1), 6), ((4, 2, 1), 12), ((5, 2, 1), 25), ((4, 2, 1), 50))100
(((5, 2, 1), 3), ((4, 2, 2), 4), ((4, 2, 2), 6), ((4, 2, 1), 12), ((5, 2, 1), 25), ((4, 2, 1), 50))100
(((5, 2, 1), 3), ((4, 2, 2), 4), ((5, 1, 1), 6), ((4, 2, 1), 12), ((5, 2, 1), 25), ((4, 2, 1), 50))100
(((4, 1, 1), 2), ((3, 2, 1), 3), ((5, 2, 1), 7), ((3, 2, 1), 13), ((4, 2, 1), 26), ((4, 2, 2), 50))101
(((4, 1, 1), 2), ((3, 2, 1), 3), ((5, 2, 1), 7), ((4, 2, 1), 14), ((3, 2, 2), 25), ((4, 2, 1), 50))101
(((4, 1, 1), 2), ((3, 2, 1), 3), ((5, 2, 1), 7), ((5, 2, 2), 13), ((4, 2, 1), 26), ((4, 2, 2), 50))101
(((4, 1, 1), 2), ((4, 1, 1), 3), ((5, 2, 1), 7), ((3, 2, 1), 13), ((4, 2, 1), 26), ((4, 2, 2), 50))101
(((4, 1, 1), 2), ((4, 1, 1), 3), ((5, 2, 1), 7), ((4, 2, 1), 14), ((3, 2, 2), 25), ((4, 2, 1), 50))101
(((4, 1, 1), 2), ((4, 1, 1), 3), ((5, 2, 1), 7), ((5, 2, 2), 13), ((4, 2, 1), 26), ((4, 2, 2), 50))101
(((4, 1, 1), 2), ((4, 2, 1), 4), ((3, 2, 1), 7), ((3, 2, 1), 13), ((3, 2, 1), 25), ((4, 2, 1), 50))101
(((4, 1, 1), 2), ((4, 2, 1), 4), ((3, 2, 1), 7), ((3, 2, 1), 13), ((5, 2, 2), 25), ((4, 2, 1), 50))101
(((4, 1, 1), 2), ((4, 2, 1), 4), ((3, 2, 1), 7), ((5, 2, 2), 13), ((3, 2, 1), 25), ((4, 2, 1), 50))101
(((4, 1, 1), 2), ((4, 2, 1), 4), ((3, 2, 1), 7), ((5, 2, 2), 13), ((5, 2, 2), 25), ((4, 2, 1), 50))101
(((4, 1, 1), 2), ((4, 2, 1), 4), ((4, 2, 2), 6), ((5, 2, 1), 13), ((4, 2, 1), 26), ((4, 2, 2), 50))101
(((4, 1, 1), 2), ((4, 2, 1), 4), ((5, 1, 1), 6), ((5, 2, 1), 13), ((4, 2, 1), 26), ((4, 2, 2), 50))101
(((4, 1, 1), 2), ((4, 2, 1), 4), ((5, 2, 2), 7), ((3, 2, 1), 13), ((3, 2, 1), 25), ((4, 2, 1), 50))101
(((4, 1, 1), 2), ((4, 2, 1), 4), ((5, 2, 2), 7), ((3, 2, 1), 13), ((5, 2, 2), 25), ((4, 2, 1), 50))101
(((4, 1, 1), 2), ((4, 2, 1), 4), ((5, 2, 2), 7), ((5, 2, 2), 13), ((3, 2, 1), 25), ((4, 2, 1), 50))101
(((4, 1, 1), 2), ((4, 2, 1), 4), ((5, 2, 2), 7), ((5, 2, 2), 13), ((5, 2, 2), 25), ((4, 2, 1), 50))101
(((4, 1, 1), 2), ((5, 1, 1), 4), ((3, 2, 1), 7), ((3, 2, 1), 13), ((3, 2, 1), 25), ((4, 2, 1), 50))101
(((4, 1, 1), 2), ((5, 1, 1), 4), ((3, 2, 1), 7), ((3, 2, 1), 13), ((5, 2, 2), 25), ((4, 2, 1), 50))101
(((4, 1, 1), 2), ((5, 1, 1), 4), ((3, 2, 1), 7), ((5, 2, 2), 13), ((3, 2, 1), 25), ((4, 2, 1), 50))101
(((4, 1, 1), 2), ((5, 1, 1), 4), ((3, 2, 1), 7), ((5, 2, 2), 13), ((5, 2, 2), 25), ((4, 2, 1), 50))101
(((4, 1, 1), 2), ((5, 1, 1), 4), ((4, 2, 2), 6), ((5, 2, 1), 13), ((4, 2, 1), 26), ((4, 2, 2), 50))101
(((4, 1, 1), 2), ((5, 1, 1), 4), ((5, 1, 1), 6), ((5, 2, 1), 13), ((4, 2, 1), 26), ((4, 2, 2), 50))101
(((4, 1, 1), 2), ((5, 1, 1), 4), ((5, 2, 2), 7), ((3, 2, 1), 13), ((3, 2, 1), 25), ((4, 2, 1), 50))101
(((4, 1, 1), 2), ((5, 1, 1), 4), ((5, 2, 2), 7), ((3, 2, 1), 13), ((5, 2, 2), 25), ((4, 2, 1), 50))101
(((4, 1, 1), 2), ((5, 1, 1), 4), ((5, 2, 2), 7), ((5, 2, 2), 13), ((3, 2, 1), 25), ((4, 2, 1), 50))101
(((4, 1, 1), 2), ((5, 1, 1), 4), ((5, 2, 2), 7), ((5, 2, 2), 13), ((5, 2, 2), 25), ((4, 2, 1), 50))101
(((4, 1, 1), 2), ((5, 2, 1), 5), ((3, 2, 2), 7), ((4, 2, 2), 12), ((5, 2, 1), 25), ((4, 2, 1), 50))101
(((4, 1, 1), 2), ((5, 2, 1), 5), ((4, 1, 1), 6), ((5, 2, 1), 13), ((3, 2, 1), 25), ((4, 2, 1), 50))101
(((4, 1, 1), 2), ((5, 2, 1), 5), ((4, 1, 1), 6), ((5, 2, 1), 13), ((5, 2, 2), 25), ((4, 2, 1), 50))101
(((4, 1, 1), 2), ((5, 2, 1), 5), ((5, 1, 1), 7), ((4, 2, 2), 12), ((5, 2, 1), 25), ((4, 2, 1), 50))101
(((4, 1, 1), 2), ((5, 2, 2), 3), ((5, 2, 1), 7), ((3, 2, 1), 13), ((4, 2, 1), 26), ((4, 2, 2), 50))101
(((4, 1, 1), 2), ((5, 2, 2), 3), ((5, 2, 1), 7), ((4, 2, 1), 14), ((3, 2, 2), 25), ((4, 2, 1), 50))101
(((4, 1, 1), 2), ((5, 2, 2), 3), ((5, 2, 1), 7), ((5, 2, 2), 13), ((4, 2, 1), 26), ((4, 2, 2), 50))101
(((4, 2, 1), 2), ((3, 2, 1), 3), ((5, 2, 1), 7), ((3, 2, 1), 13), ((4, 2, 1), 26), ((4, 2, 2), 50))101
(((4, 2, 1), 2), ((3, 2, 1), 3), ((5, 2, 1), 7), ((4, 2, 1), 14), ((3, 2, 2), 25), ((4, 2, 1), 50))101
(((4, 2, 1), 2), ((3, 2, 1), 3), ((5, 2, 1), 7), ((5, 2, 2), 13), ((4, 2, 1), 26), ((4, 2, 2), 50))101
(((4, 2, 1), 2), ((4, 1, 1), 3), ((5, 2, 1), 7), ((3, 2, 1), 13), ((4, 2, 1), 26), ((4, 2, 2), 50))101
(((4, 2, 1), 2), ((4, 1, 1), 3), ((5, 2, 1), 7), ((4, 2, 1), 14), ((3, 2, 2), 25), ((4, 2, 1), 50))101
(((4, 2, 1), 2), ((4, 1, 1), 3), ((5, 2, 1), 7), ((5, 2, 2), 13), ((4, 2, 1), 26), ((4, 2, 2), 50))101
(((4, 2, 1), 2), ((4, 2, 1), 4), ((3, 2, 1), 7), ((3, 2, 1), 13), ((3, 2, 1), 25), ((4, 2, 1), 50))101
(((4, 2, 1), 2), ((4, 2, 1), 4), ((3, 2, 1), 7), ((3, 2, 1), 13), ((5, 2, 2), 25), ((4, 2, 1), 50))101
(((4, 2, 1), 2), ((4, 2, 1), 4), ((3, 2, 1), 7), ((5, 2, 2), 13), ((3, 2, 1), 25), ((4, 2, 1), 50))101
(((4, 2, 1), 2), ((4, 2, 1), 4), ((3, 2, 1), 7), ((5, 2, 2), 13), ((5, 2, 2), 25), ((4, 2, 1), 50))101
(((4, 2, 1), 2), ((4, 2, 1), 4), ((4, 2, 2), 6), ((5, 2, 1), 13), ((4, 2, 1), 26), ((4, 2, 2), 50))101
(((4, 2, 1), 2), ((4, 2, 1), 4), ((5, 1, 1), 6), ((5, 2, 1), 13), ((4, 2, 1), 26), ((4, 2, 2), 50))101
(((4, 2, 1), 2), ((4, 2, 1), 4), ((5, 2, 2), 7), ((3, 2, 1), 13), ((3, 2, 1), 25), ((4, 2, 1), 50))101
(((4, 2, 1), 2), ((4, 2, 1), 4), ((5, 2, 2), 7), ((3, 2, 1), 13), ((5, 2, 2), 25), ((4, 2, 1), 50))101
(((4, 2, 1), 2), ((4, 2, 1), 4), ((5, 2, 2), 7), ((5, 2, 2), 13), ((3, 2, 1), 25), ((4, 2, 1), 50))101
(((4, 2, 1), 2), ((4, 2, 1), 4), ((5, 2, 2), 7), ((5, 2, 2), 13), ((5, 2, 2), 25), ((4, 2, 1), 50))101
(((4, 2, 1), 2), ((5, 1, 1), 4), ((3, 2, 1), 7), ((3, 2, 1), 13), ((3, 2, 1), 25), ((4, 2, 1), 50))101
(((4, 2, 1), 2), ((5, 1, 1), 4), ((3, 2, 1), 7), ((3, 2, 1), 13), ((5, 2, 2), 25), ((4, 2, 1), 50))101
(((4, 2, 1), 2), ((5, 1, 1), 4), ((3, 2, 1), 7), ((5, 2, 2), 13), ((3, 2, 1), 25), ((4, 2, 1), 50))101
(((4, 2, 1), 2), ((5, 1, 1), 4), ((3, 2, 1), 7), ((5, 2, 2), 13), ((5, 2, 2), 25), ((4, 2, 1), 50))101
(((4, 2, 1), 2), ((5, 1, 1), 4), ((4, 2, 2), 6), ((5, 2, 1), 13), ((4, 2, 1), 26), ((4, 2, 2), 50))101
(((4, 2, 1), 2), ((5, 1, 1), 4), ((5, 1, 1), 6), ((5, 2, 1), 13), ((4, 2, 1), 26), ((4, 2, 2), 50))101
(((4, 2, 1), 2), ((5, 1, 1), 4), ((5, 2, 2), 7), ((3, 2, 1), 13), ((3, 2, 1), 25), ((4, 2, 1), 50))101
(((4, 2, 1), 2), ((5, 1, 1), 4), ((5, 2, 2), 7), ((3, 2, 1), 13), ((5, 2, 2), 25), ((4, 2, 1), 50))101
(((4, 2, 1), 2), ((5, 1, 1), 4), ((5, 2, 2), 7), ((5, 2, 2), 13), ((3, 2, 1), 25), ((4, 2, 1), 50))101
(((4, 2, 1), 2), ((5, 1, 1), 4), ((5, 2, 2), 7), ((5, 2, 2), 13), ((5, 2, 2), 25), ((4, 2, 1), 50))101
(((4, 2, 1), 2), ((5, 2, 1), 5), ((3, 2, 2), 7), ((4, 2, 2), 12), ((5, 2, 1), 25), ((4, 2, 1), 50))101
(((4, 2, 1), 2), ((5, 2, 1), 5), ((4, 1, 1), 6), ((5, 2, 1), 13), ((3, 2, 1), 25), ((4, 2, 1), 50))101
(((4, 2, 1), 2), ((5, 2, 1), 5), ((4, 1, 1), 6), ((5, 2, 1), 13), ((5, 2, 2), 25), ((4, 2, 1), 50))101
(((4, 2, 1), 2), ((5, 2, 1), 5), ((5, 1, 1), 7), ((4, 2, 2), 12), ((5, 2, 1), 25), ((4, 2, 1), 50))101
(((4, 2, 1), 2), ((5, 2, 2), 3), ((5, 2, 1), 7), ((3, 2, 1), 13), ((4, 2, 1), 26), ((4, 2, 2), 50))101
(((4, 2, 1), 2), ((5, 2, 2), 3), ((5, 2, 1), 7), ((4, 2, 1), 14), ((3, 2, 2), 25), ((4, 2, 1), 50))101
(((4, 2, 1), 2), ((5, 2, 2), 3), ((5, 2, 1), 7), ((5, 2, 2), 13), ((4, 2, 1), 26), ((4, 2, 2), 50))101
(((5, 1, 1), 3), ((3, 2, 1), 5), ((4, 1, 1), 6), ((4, 2, 1), 12), ((5, 2, 1), 25), ((4, 2, 1), 50))101
(((5, 1, 1), 3), ((4, 1, 1), 4), ((3, 2, 1), 7), ((4, 2, 2), 12), ((5, 2, 1), 25), ((4, 2, 1), 50))101
(((5, 1, 1), 3), ((4, 1, 1), 4), ((4, 2, 2), 6), ((5, 2, 1), 13), ((3, 2, 1), 25), ((4, 2, 1), 50))101
(((5, 1, 1), 3), ((4, 1, 1), 4), ((4, 2, 2), 6), ((5, 2, 1), 13), ((5, 2, 2), 25), ((4, 2, 1), 50))101
(((5, 1, 1), 3), ((4, 1, 1), 4), ((5, 1, 1), 6), ((5, 2, 1), 13), ((3, 2, 1), 25), ((4, 2, 1), 50))101
(((5, 1, 1), 3), ((4, 1, 1), 4), ((5, 1, 1), 6), ((5, 2, 1), 13), ((5, 2, 2), 25), ((4, 2, 1), 50))101
(((5, 1, 1), 3), ((4, 1, 1), 4), ((5, 2, 2), 7), ((4, 2, 2), 12), ((5, 2, 1), 25), ((4, 2, 1), 50))101
(((5, 1, 1), 3), ((4, 2, 2), 4), ((3, 2, 1), 7), ((4, 2, 2), 12), ((5, 2, 1), 25), ((4, 2, 1), 50))101
(((5, 1, 1), 3), ((4, 2, 2), 4), ((4, 2, 2), 6), ((5, 2, 1), 13), ((3, 2, 1), 25), ((4, 2, 1), 50))101
(((5, 1, 1), 3), ((4, 2, 2), 4), ((4, 2, 2), 6), ((5, 2, 1), 13), ((5, 2, 2), 25), ((4, 2, 1), 50))101
(((5, 1, 1), 3), ((4, 2, 2), 4), ((5, 1, 1), 6), ((5, 2, 1), 13), ((3, 2, 1), 25), ((4, 2, 1), 50))101
(((5, 1, 1), 3), ((4, 2, 2), 4), ((5, 1, 1), 6), ((5, 2, 1), 13), ((5, 2, 2), 25), ((4, 2, 1), 50))101
(((5, 1, 1), 3), ((4, 2, 2), 4), ((5, 2, 2), 7), ((4, 2, 2), 12), ((5, 2, 1), 25), ((4, 2, 1), 50))101
(((5, 1, 1), 3), ((5, 1, 1), 5), ((4, 1, 1), 6), ((4, 2, 1), 12), ((5, 2, 1), 25), ((4, 2, 1), 50))101
(((5, 1, 1), 3), ((5, 2, 2), 5), ((4, 1, 1), 6), ((4, 2, 1), 12), ((5, 2, 1), 25), ((4, 2, 1), 50))101
(((5, 2, 1), 3), ((3, 2, 1), 5), ((4, 1, 1), 6), ((4, 2, 1), 12), ((5, 2, 1), 25), ((4, 2, 1), 50))101
(((5, 2, 1), 3), ((4, 1, 1), 4), ((3, 2, 1), 7), ((4, 2, 2), 12), ((5, 2, 1), 25), ((4, 2, 1), 50))101
(((5, 2, 1), 3), ((4, 1, 1), 4), ((4, 2, 2), 6), ((5, 2, 1), 13), ((3, 2, 1), 25), ((4, 2, 1), 50))101
(((5, 2, 1), 3), ((4, 1, 1), 4), ((4, 2, 2), 6), ((5, 2, 1), 13), ((5, 2, 2), 25), ((4, 2, 1), 50))101
(((5, 2, 1), 3), ((4, 1, 1), 4), ((5, 1, 1), 6), ((5, 2, 1), 13), ((3, 2, 1), 25), ((4, 2, 1), 50))101
(((5, 2, 1), 3), ((4, 1, 1), 4), ((5, 1, 1), 6), ((5, 2, 1), 13), ((5, 2, 2), 25), ((4, 2, 1), 50))101
(((5, 2, 1), 3), ((4, 1, 1), 4), ((5, 2, 2), 7), ((4, 2, 2), 12), ((5, 2, 1), 25), ((4, 2, 1), 50))101
(((5, 2, 1), 3), ((4, 2, 2), 4), ((3, 2, 1), 7), ((4, 2, 2), 12), ((5, 2, 1), 25), ((4, 2, 1), 50))101
(((5, 2, 1), 3), ((4, 2, 2), 4), ((4, 2, 2), 6), ((5, 2, 1), 13), ((3, 2, 1), 25), ((4, 2, 1), 50))101
(((5, 2, 1), 3), ((4, 2, 2), 4), ((4, 2, 2), 6), ((5, 2, 1), 13), ((5, 2, 2), 25), ((4, 2, 1), 50))101
(((5, 2, 1), 3), ((4, 2, 2), 4), ((5, 1, 1), 6), ((5, 2, 1), 13), ((3, 2, 1), 25), ((4, 2, 1), 50))101
(((5, 2, 1), 3), ((4, 2, 2), 4), ((5, 1, 1), 6), ((5, 2, 1), 13), ((5, 2, 2), 25), ((4, 2, 1), 50))101
(((5, 2, 1), 3), ((4, 2, 2), 4), ((5, 2, 2), 7), ((4, 2, 2), 12), ((5, 2, 1), 25), ((4, 2, 1), 50))101
(((5, 2, 1), 3), ((5, 1, 1), 5), ((4, 1, 1), 6), ((4, 2, 1), 12), ((5, 2, 1), 25), ((4, 2, 1), 50))101
(((5, 2, 1), 3), ((5, 2, 2), 5), ((4, 1, 1), 6), ((4, 2, 1), 12), ((5, 2, 1), 25), ((4, 2, 1), 50))101
(((4, 1, 1), 2), ((3, 2, 1), 3), ((5, 2, 1), 7), ((4, 2, 1), 14), ((4, 2, 2), 26), ((4, 2, 2), 50))102
(((4, 1, 1), 2), ((4, 1, 1), 3), ((5, 2, 1), 7), ((4, 2, 1), 14), ((4, 2, 2), 26), ((4, 2, 2), 50))102
(((4, 1, 1), 2), ((4, 2, 1), 4), ((3, 2, 1), 7), ((3, 2, 1), 13), ((4, 2, 1), 26), ((4, 2, 2), 50))102
(((4, 1, 1), 2), ((4, 2, 1), 4), ((3, 2, 1), 7), ((4, 2, 1), 14), ((3, 2, 2), 25), ((4, 2, 1), 50))102
(((4, 1, 1), 2), ((4, 2, 1), 4), ((3, 2, 1), 7), ((5, 2, 2), 13), ((4, 2, 1), 26), ((4, 2, 2), 50))102
(((4, 1, 1), 2), ((4, 2, 1), 4), ((4, 2, 1), 8), ((3, 2, 2), 13), ((3, 2, 1), 25), ((4, 2, 1), 50))102
(((4, 1, 1), 2), ((4, 2, 1), 4), ((4, 2, 1), 8), ((3, 2, 2), 13), ((5, 2, 2), 25), ((4, 2, 1), 50))102
(((4, 1, 1), 2), ((4, 2, 1), 4), ((5, 2, 2), 7), ((3, 2, 1), 13), ((4, 2, 1), 26), ((4, 2, 2), 50))102
(((4, 1, 1), 2), ((4, 2, 1), 4), ((5, 2, 2), 7), ((4, 2, 1), 14), ((3, 2, 2), 25), ((4, 2, 1), 50))102
(((4, 1, 1), 2), ((4, 2, 1), 4), ((5, 2, 2), 7), ((5, 2, 2), 13), ((4, 2, 1), 26), ((4, 2, 2), 50))102
(((4, 1, 1), 2), ((5, 1, 1), 4), ((3, 2, 1), 7), ((3, 2, 1), 13), ((4, 2, 1), 26), ((4, 2, 2), 50))102
(((4, 1, 1), 2), ((5, 1, 1), 4), ((3, 2, 1), 7), ((4, 2, 1), 14), ((3, 2, 2), 25), ((4, 2, 1), 50))102
(((4, 1, 1), 2), ((5, 1, 1), 4), ((3, 2, 1), 7), ((5, 2, 2), 13), ((4, 2, 1), 26), ((4, 2, 2), 50))102
(((4, 1, 1), 2), ((5, 1, 1), 4), ((4, 2, 1), 8), ((3, 2, 2), 13), ((3, 2, 1), 25), ((4, 2, 1), 50))102
(((4, 1, 1), 2), ((5, 1, 1), 4), ((4, 2, 1), 8), ((3, 2, 2), 13), ((5, 2, 2), 25), ((4, 2, 1), 50))102
(((4, 1, 1), 2), ((5, 1, 1), 4), ((5, 2, 2), 7), ((3, 2, 1), 13), ((4, 2, 1), 26), ((4, 2, 2), 50))102
(((4, 1, 1), 2), ((5, 1, 1), 4), ((5, 2, 2), 7), ((4, 2, 1), 14), ((3, 2, 2), 25), ((4, 2, 1), 50))102
(((4, 1, 1), 2), ((5, 1, 1), 4), ((5, 2, 2), 7), ((5, 2, 2), 13), ((4, 2, 1), 26), ((4, 2, 2), 50))102
(((4, 1, 1), 2), ((5, 2, 1), 5), ((3, 2, 2), 7), ((3, 2, 1), 13), ((3, 2, 1), 25), ((4, 2, 1), 50))102
(((4, 1, 1), 2), ((5, 2, 1), 5), ((3, 2, 2), 7), ((3, 2, 1), 13), ((5, 2, 2), 25), ((4, 2, 1), 50))102
(((4, 1, 1), 2), ((5, 2, 1), 5), ((3, 2, 2), 7), ((5, 2, 2), 13), ((3, 2, 1), 25), ((4, 2, 1), 50))102
(((4, 1, 1), 2), ((5, 2, 1), 5), ((3, 2, 2), 7), ((5, 2, 2), 13), ((5, 2, 2), 25), ((4, 2, 1), 50))102
(((4, 1, 1), 2), ((5, 2, 1), 5), ((4, 1, 1), 6), ((5, 2, 1), 13), ((4, 2, 1), 26), ((4, 2, 2), 50))102
(((4, 1, 1), 2), ((5, 2, 1), 5), ((5, 1, 1), 7), ((3, 2, 1), 13), ((3, 2, 1), 25), ((4, 2, 1), 50))102
(((4, 1, 1), 2), ((5, 2, 1), 5), ((5, 1, 1), 7), ((3, 2, 1), 13), ((5, 2, 2), 25), ((4, 2, 1), 50))102
(((4, 1, 1), 2), ((5, 2, 1), 5), ((5, 1, 1), 7), ((5, 2, 2), 13), ((3, 2, 1), 25), ((4, 2, 1), 50))102
(((4, 1, 1), 2), ((5, 2, 1), 5), ((5, 1, 1), 7), ((5, 2, 2), 13), ((5, 2, 2), 25), ((4, 2, 1), 50))102
(((4, 1, 1), 2), ((5, 2, 2), 3), ((5, 2, 1), 7), ((4, 2, 1), 14), ((4, 2, 2), 26), ((4, 2, 2), 50))102
(((4, 2, 1), 2), ((3, 2, 1), 3), ((5, 2, 1), 7), ((4, 2, 1), 14), ((4, 2, 2), 26), ((4, 2, 2), 50))102
(((4, 2, 1), 2), ((4, 1, 1), 3), ((5, 2, 1), 7), ((4, 2, 1), 14), ((4, 2, 2), 26), ((4, 2, 2), 50))102
(((4, 2, 1), 2), ((4, 2, 1), 4), ((3, 2, 1), 7), ((3, 2, 1), 13), ((4, 2, 1), 26), ((4, 2, 2), 50))102
(((4, 2, 1), 2), ((4, 2, 1), 4), ((3, 2, 1), 7), ((4, 2, 1), 14), ((3, 2, 2), 25), ((4, 2, 1), 50))102
(((4, 2, 1), 2), ((4, 2, 1), 4), ((3, 2, 1), 7), ((5, 2, 2), 13), ((4, 2, 1), 26), ((4, 2, 2), 50))102
(((4, 2, 1), 2), ((4, 2, 1), 4), ((4, 2, 1), 8), ((3, 2, 2), 13), ((3, 2, 1), 25), ((4, 2, 1), 50))102
(((4, 2, 1), 2), ((4, 2, 1), 4), ((4, 2, 1), 8), ((3, 2, 2), 13), ((5, 2, 2), 25), ((4, 2, 1), 50))102
(((4, 2, 1), 2), ((4, 2, 1), 4), ((5, 2, 2), 7), ((3, 2, 1), 13), ((4, 2, 1), 26), ((4, 2, 2), 50))102
(((4, 2, 1), 2), ((4, 2, 1), 4), ((5, 2, 2), 7), ((4, 2, 1), 14), ((3, 2, 2), 25), ((4, 2, 1), 50))102
(((4, 2, 1), 2), ((4, 2, 1), 4), ((5, 2, 2), 7), ((5, 2, 2), 13), ((4, 2, 1), 26), ((4, 2, 2), 50))102
(((4, 2, 1), 2), ((5, 1, 1), 4), ((3, 2, 1), 7), ((3, 2, 1), 13), ((4, 2, 1), 26), ((4, 2, 2), 50))102
(((4, 2, 1), 2), ((5, 1, 1), 4), ((3, 2, 1), 7), ((4, 2, 1), 14), ((3, 2, 2), 25), ((4, 2, 1), 50))102
(((4, 2, 1), 2), ((5, 1, 1), 4), ((3, 2, 1), 7), ((5, 2, 2), 13), ((4, 2, 1), 26), ((4, 2, 2), 50))102
(((4, 2, 1), 2), ((5, 1, 1), 4), ((4, 2, 1), 8), ((3, 2, 2), 13), ((3, 2, 1), 25), ((4, 2, 1), 50))102
(((4, 2, 1), 2), ((5, 1, 1), 4), ((4, 2, 1), 8), ((3, 2, 2), 13), ((5, 2, 2), 25), ((4, 2, 1), 50))102
(((4, 2, 1), 2), ((5, 1, 1), 4), ((5, 2, 2), 7), ((3, 2, 1), 13), ((4, 2, 1), 26), ((4, 2, 2), 50))102
(((4, 2, 1), 2), ((5, 1, 1), 4), ((5, 2, 2), 7), ((4, 2, 1), 14), ((3, 2, 2), 25), ((4, 2, 1), 50))102
(((4, 2, 1), 2), ((5, 1, 1), 4), ((5, 2, 2), 7), ((5, 2, 2), 13), ((4, 2, 1), 26), ((4, 2, 2), 50))102
(((4, 2, 1), 2), ((5, 2, 1), 5), ((3, 2, 2), 7), ((3, 2, 1), 13), ((3, 2, 1), 25), ((4, 2, 1), 50))102
(((4, 2, 1), 2), ((5, 2, 1), 5), ((3, 2, 2), 7), ((3, 2, 1), 13), ((5, 2, 2), 25), ((4, 2, 1), 50))102
(((4, 2, 1), 2), ((5, 2, 1), 5), ((3, 2, 2), 7), ((5, 2, 2), 13), ((3, 2, 1), 25), ((4, 2, 1), 50))102
(((4, 2, 1), 2), ((5, 2, 1), 5), ((3, 2, 2), 7), ((5, 2, 2), 13), ((5, 2, 2), 25), ((4, 2, 1), 50))102
(((4, 2, 1), 2), ((5, 2, 1), 5), ((4, 1, 1), 6), ((5, 2, 1), 13), ((4, 2, 1), 26), ((4, 2, 2), 50))102
(((4, 2, 1), 2), ((5, 2, 1), 5), ((5, 1, 1), 7), ((3, 2, 1), 13), ((3, 2, 1), 25), ((4, 2, 1), 50))102
(((4, 2, 1), 2), ((5, 2, 1), 5), ((5, 1, 1), 7), ((3, 2, 1), 13), ((5, 2, 2), 25), ((4, 2, 1), 50))102
(((4, 2, 1), 2), ((5, 2, 1), 5), ((5, 1, 1), 7), ((5, 2, 2), 13), ((3, 2, 1), 25), ((4, 2, 1), 50))102
(((4, 2, 1), 2), ((5, 2, 1), 5), ((5, 1, 1), 7), ((5, 2, 2), 13), ((5, 2, 2), 25), ((4, 2, 1), 50))102
(((4, 2, 1), 2), ((5, 2, 2), 3), ((5, 2, 1), 7), ((4, 2, 1), 14), ((4, 2, 2), 26), ((4, 2, 2), 50))102
(((5, 1, 1), 3), ((3, 2, 1), 5), ((3, 2, 2), 7), ((4, 2, 2), 12), ((5, 2, 1), 25), ((4, 2, 1), 50))102
(((5, 1, 1), 3), ((3, 2, 1), 5), ((4, 1, 1), 6), ((5, 2, 1), 13), ((3, 2, 1), 25), ((4, 2, 1), 50))102
(((5, 1, 1), 3), ((3, 2, 1), 5), ((4, 1, 1), 6), ((5, 2, 1), 13), ((5, 2, 2), 25), ((4, 2, 1), 50))102
(((5, 1, 1), 3), ((3, 2, 1), 5), ((5, 1, 1), 7), ((4, 2, 2), 12), ((5, 2, 1), 25), ((4, 2, 1), 50))102
(((5, 1, 1), 3), ((4, 1, 1), 4), ((3, 2, 1), 7), ((3, 2, 1), 13), ((3, 2, 1), 25), ((4, 2, 1), 50))102
(((5, 1, 1), 3), ((4, 1, 1), 4), ((3, 2, 1), 7), ((3, 2, 1), 13), ((5, 2, 2), 25), ((4, 2, 1), 50))102
(((5, 1, 1), 3), ((4, 1, 1), 4), ((3, 2, 1), 7), ((5, 2, 2), 13), ((3, 2, 1), 25), ((4, 2, 1), 50))102
(((5, 1, 1), 3), ((4, 1, 1), 4), ((3, 2, 1), 7), ((5, 2, 2), 13), ((5, 2, 2), 25), ((4, 2, 1), 50))102
(((5, 1, 1), 3), ((4, 1, 1), 4), ((4, 2, 2), 6), ((5, 2, 1), 13), ((4, 2, 1), 26), ((4, 2, 2), 50))102
(((5, 1, 1), 3), ((4, 1, 1), 4), ((5, 1, 1), 6), ((5, 2, 1), 13), ((4, 2, 1), 26), ((4, 2, 2), 50))102
(((5, 1, 1), 3), ((4, 1, 1), 4), ((5, 2, 2), 7), ((3, 2, 1), 13), ((3, 2, 1), 25), ((4, 2, 1), 50))102
(((5, 1, 1), 3), ((4, 1, 1), 4), ((5, 2, 2), 7), ((3, 2, 1), 13), ((5, 2, 2), 25), ((4, 2, 1), 50))102
(((5, 1, 1), 3), ((4, 1, 1), 4), ((5, 2, 2), 7), ((5, 2, 2), 13), ((3, 2, 1), 25), ((4, 2, 1), 50))102
(((5, 1, 1), 3), ((4, 1, 1), 4), ((5, 2, 2), 7), ((5, 2, 2), 13), ((5, 2, 2), 25), ((4, 2, 1), 50))102
(((5, 1, 1), 3), ((4, 2, 2), 4), ((3, 2, 1), 7), ((3, 2, 1), 13), ((3, 2, 1), 25), ((4, 2, 1), 50))102
(((5, 1, 1), 3), ((4, 2, 2), 4), ((3, 2, 1), 7), ((3, 2, 1), 13), ((5, 2, 2), 25), ((4, 2, 1), 50))102
(((5, 1, 1), 3), ((4, 2, 2), 4), ((3, 2, 1), 7), ((5, 2, 2), 13), ((3, 2, 1), 25), ((4, 2, 1), 50))102
(((5, 1, 1), 3), ((4, 2, 2), 4), ((3, 2, 1), 7), ((5, 2, 2), 13), ((5, 2, 2), 25), ((4, 2, 1), 50))102
(((5, 1, 1), 3), ((4, 2, 2), 4), ((4, 2, 2), 6), ((5, 2, 1), 13), ((4, 2, 1), 26), ((4, 2, 2), 50))102
(((5, 1, 1), 3), ((4, 2, 2), 4), ((5, 1, 1), 6), ((5, 2, 1), 13), ((4, 2, 1), 26), ((4, 2, 2), 50))102
(((5, 1, 1), 3), ((4, 2, 2), 4), ((5, 2, 2), 7), ((3, 2, 1), 13), ((3, 2, 1), 25), ((4, 2, 1), 50))102
(((5, 1, 1), 3), ((4, 2, 2), 4), ((5, 2, 2), 7), ((3, 2, 1), 13), ((5, 2, 2), 25), ((4, 2, 1), 50))102
(((5, 1, 1), 3), ((4, 2, 2), 4), ((5, 2, 2), 7), ((5, 2, 2), 13), ((3, 2, 1), 25), ((4, 2, 1), 50))102
(((5, 1, 1), 3), ((4, 2, 2), 4), ((5, 2, 2), 7), ((5, 2, 2), 13), ((5, 2, 2), 25), ((4, 2, 1), 50))102
(((5, 1, 1), 3), ((5, 1, 1), 5), ((3, 2, 2), 7), ((4, 2, 2), 12), ((5, 2, 1), 25), ((4, 2, 1), 50))102
(((5, 1, 1), 3), ((5, 1, 1), 5), ((4, 1, 1), 6), ((5, 2, 1), 13), ((3, 2, 1), 25), ((4, 2, 1), 50))102
(((5, 1, 1), 3), ((5, 1, 1), 5), ((4, 1, 1), 6), ((5, 2, 1), 13), ((5, 2, 2), 25), ((4, 2, 1), 50))102
(((5, 1, 1), 3), ((5, 1, 1), 5), ((5, 1, 1), 7), ((4, 2, 2), 12), ((5, 2, 1), 25), ((4, 2, 1), 50))102
(((5, 1, 1), 3), ((5, 2, 2), 5), ((3, 2, 2), 7), ((4, 2, 2), 12), ((5, 2, 1), 25), ((4, 2, 1), 50))102
(((5, 1, 1), 3), ((5, 2, 2), 5), ((4, 1, 1), 6), ((5, 2, 1), 13), ((3, 2, 1), 25), ((4, 2, 1), 50))102
(((5, 1, 1), 3), ((5, 2, 2), 5), ((4, 1, 1), 6), ((5, 2, 1), 13), ((5, 2, 2), 25), ((4, 2, 1), 50))102
(((5, 1, 1), 3), ((5, 2, 2), 5), ((5, 1, 1), 7), ((4, 2, 2), 12), ((5, 2, 1), 25), ((4, 2, 1), 50))102
(((5, 2, 1), 3), ((3, 2, 1), 5), ((3, 2, 2), 7), ((4, 2, 2), 12), ((5, 2, 1), 25), ((4, 2, 1), 50))102
(((5, 2, 1), 3), ((3, 2, 1), 5), ((4, 1, 1), 6), ((5, 2, 1), 13), ((3, 2, 1), 25), ((4, 2, 1), 50))102
(((5, 2, 1), 3), ((3, 2, 1), 5), ((4, 1, 1), 6), ((5, 2, 1), 13), ((5, 2, 2), 25), ((4, 2, 1), 50))102
(((5, 2, 1), 3), ((3, 2, 1), 5), ((5, 1, 1), 7), ((4, 2, 2), 12), ((5, 2, 1), 25), ((4, 2, 1), 50))102
(((5, 2, 1), 3), ((4, 1, 1), 4), ((3, 2, 1), 7), ((3, 2, 1), 13), ((3, 2, 1), 25), ((4, 2, 1), 50))102
(((5, 2, 1), 3), ((4, 1, 1), 4), ((3, 2, 1), 7), ((3, 2, 1), 13), ((5, 2, 2), 25), ((4, 2, 1), 50))102
(((5, 2, 1), 3), ((4, 1, 1), 4), ((3, 2, 1), 7), ((5, 2, 2), 13), ((3, 2, 1), 25), ((4, 2, 1), 50))102
(((5, 2, 1), 3), ((4, 1, 1), 4), ((3, 2, 1), 7), ((5, 2, 2), 13), ((5, 2, 2), 25), ((4, 2, 1), 50))102
(((5, 2, 1), 3), ((4, 1, 1), 4), ((4, 2, 2), 6), ((5, 2, 1), 13), ((4, 2, 1), 26), ((4, 2, 2), 50))102
(((5, 2, 1), 3), ((4, 1, 1), 4), ((5, 1, 1), 6), ((5, 2, 1), 13), ((4, 2, 1), 26), ((4, 2, 2), 50))102
(((5, 2, 1), 3), ((4, 1, 1), 4), ((5, 2, 2), 7), ((3, 2, 1), 13), ((3, 2, 1), 25), ((4, 2, 1), 50))102
(((5, 2, 1), 3), ((4, 1, 1), 4), ((5, 2, 2), 7), ((3, 2, 1), 13), ((5, 2, 2), 25), ((4, 2, 1), 50))102
(((5, 2, 1), 3), ((4, 1, 1), 4), ((5, 2, 2), 7), ((5, 2, 2), 13), ((3, 2, 1), 25), ((4, 2, 1), 50))102
(((5, 2, 1), 3), ((4, 1, 1), 4), ((5, 2, 2), 7), ((5, 2, 2), 13), ((5, 2, 2), 25), ((4, 2, 1), 50))102
(((5, 2, 1), 3), ((4, 2, 2), 4), ((3, 2, 1), 7), ((3, 2, 1), 13), ((3, 2, 1), 25), ((4, 2, 1), 50))102
(((5, 2, 1), 3), ((4, 2, 2), 4), ((3, 2, 1), 7), ((3, 2, 1), 13), ((5, 2, 2), 25), ((4, 2, 1), 50))102
(((5, 2, 1), 3), ((4, 2, 2), 4), ((3, 2, 1), 7), ((5, 2, 2), 13), ((3, 2, 1), 25), ((4, 2, 1), 50))102
(((5, 2, 1), 3), ((4, 2, 2), 4), ((3, 2, 1), 7), ((5, 2, 2), 13), ((5, 2, 2), 25), ((4, 2, 1), 50))102
(((5, 2, 1), 3), ((4, 2, 2), 4), ((4, 2, 2), 6), ((5, 2, 1), 13), ((4, 2, 1), 26), ((4, 2, 2), 50))102
(((5, 2, 1), 3), ((4, 2, 2), 4), ((5, 1, 1), 6), ((5, 2, 1), 13), ((4, 2, 1), 26), ((4, 2, 2), 50))102
(((5, 2, 1), 3), ((4, 2, 2), 4), ((5, 2, 2), 7), ((3, 2, 1), 13), ((3, 2, 1), 25), ((4, 2, 1), 50))102
(((5, 2, 1), 3), ((4, 2, 2), 4), ((5, 2, 2), 7), ((3, 2, 1), 13), ((5, 2, 2), 25), ((4, 2, 1), 50))102
(((5, 2, 1), 3), ((4, 2, 2), 4), ((5, 2, 2), 7), ((5, 2, 2), 13), ((3, 2, 1), 25), ((4, 2, 1), 50))102
(((5, 2, 1), 3), ((4, 2, 2), 4), ((5, 2, 2), 7), ((5, 2, 2), 13), ((5, 2, 2), 25), ((4, 2, 1), 50))102
(((5, 2, 1), 3), ((5, 1, 1), 5), ((3, 2, 2), 7), ((4, 2, 2), 12), ((5, 2, 1), 25), ((4, 2, 1), 50))102
(((5, 2, 1), 3), ((5, 1, 1), 5), ((4, 1, 1), 6), ((5, 2, 1), 13), ((3, 2, 1), 25), ((4, 2, 1), 50))102
(((5, 2, 1), 3), ((5, 1, 1), 5), ((4, 1, 1), 6), ((5, 2, 1), 13), ((5, 2, 2), 25), ((4, 2, 1), 50))102
(((5, 2, 1), 3), ((5, 1, 1), 5), ((5, 1, 1), 7), ((4, 2, 2), 12), ((5, 2, 1), 25), ((4, 2, 1), 50))102
(((5, 2, 1), 3), ((5, 2, 2), 5), ((3, 2, 2), 7), ((4, 2, 2), 12), ((5, 2, 1), 25), ((4, 2, 1), 50))102
(((5, 2, 1), 3), ((5, 2, 2), 5), ((4, 1, 1), 6), ((5, 2, 1), 13), ((3, 2, 1), 25), ((4, 2, 1), 50))102
(((5, 2, 1), 3), ((5, 2, 2), 5), ((4, 1, 1), 6), ((5, 2, 1), 13), ((5, 2, 2), 25), ((4, 2, 1), 50))102
(((5, 2, 1), 3), ((5, 2, 2), 5), ((5, 1, 1), 7), ((4, 2, 2), 12), ((5, 2, 1), 25), ((4, 2, 1), 50))102
(((4, 1, 1), 2), ((4, 2, 1), 4), ((3, 2, 1), 7), ((4, 2, 1), 14), ((4, 2, 2), 26), ((4, 2, 2), 50))103
(((4, 1, 1), 2), ((4, 2, 1), 4), ((4, 2, 1), 8), ((3, 2, 2), 13), ((4, 2, 1), 26), ((4, 2, 2), 50))103
(((4, 1, 1), 2), ((4, 2, 1), 4), ((4, 2, 1), 8), ((4, 2, 2), 14), ((3, 2, 2), 25), ((4, 2, 1), 50))103
(((4, 1, 1), 2), ((4, 2, 1), 4), ((5, 2, 2), 7), ((4, 2, 1), 14), ((4, 2, 2), 26), ((4, 2, 2), 50))103
(((4, 1, 1), 2), ((5, 1, 1), 4), ((3, 2, 1), 7), ((4, 2, 1), 14), ((4, 2, 2), 26), ((4, 2, 2), 50))103
(((4, 1, 1), 2), ((5, 1, 1), 4), ((4, 2, 1), 8), ((3, 2, 2), 13), ((4, 2, 1), 26), ((4, 2, 2), 50))103
(((4, 1, 1), 2), ((5, 1, 1), 4), ((4, 2, 1), 8), ((4, 2, 2), 14), ((3, 2, 2), 25), ((4, 2, 1), 50))103
(((4, 1, 1), 2), ((5, 1, 1), 4), ((5, 2, 2), 7), ((4, 2, 1), 14), ((4, 2, 2), 26), ((4, 2, 2), 50))103
(((4, 1, 1), 2), ((5, 2, 1), 5), ((3, 2, 2), 7), ((3, 2, 1), 13), ((4, 2, 1), 26), ((4, 2, 2), 50))103
(((4, 1, 1), 2), ((5, 2, 1), 5), ((3, 2, 2), 7), ((4, 2, 1), 14), ((3, 2, 2), 25), ((4, 2, 1), 50))103
(((4, 1, 1), 2), ((5, 2, 1), 5), ((3, 2, 2), 7), ((5, 2, 2), 13), ((4, 2, 1), 26), ((4, 2, 2), 50))103
(((4, 1, 1), 2), ((5, 2, 1), 5), ((4, 2, 2), 8), ((3, 2, 2), 13), ((3, 2, 1), 25), ((4, 2, 1), 50))103
(((4, 1, 1), 2), ((5, 2, 1), 5), ((4, 2, 2), 8), ((3, 2, 2), 13), ((5, 2, 2), 25), ((4, 2, 1), 50))103
(((4, 1, 1), 2), ((5, 2, 1), 5), ((5, 1, 1), 7), ((3, 2, 1), 13), ((4, 2, 1), 26), ((4, 2, 2), 50))103
(((4, 1, 1), 2), ((5, 2, 1), 5), ((5, 1, 1), 7), ((4, 2, 1), 14), ((3, 2, 2), 25), ((4, 2, 1), 50))103
(((4, 1, 1), 2), ((5, 2, 1), 5), ((5, 1, 1), 7), ((5, 2, 2), 13), ((4, 2, 1), 26), ((4, 2, 2), 50))103
(((4, 2, 1), 2), ((4, 2, 1), 4), ((3, 2, 1), 7), ((4, 2, 1), 14), ((4, 2, 2), 26), ((4, 2, 2), 50))103
(((4, 2, 1), 2), ((4, 2, 1), 4), ((4, 2, 1), 8), ((3, 2, 2), 13), ((4, 2, 1), 26), ((4, 2, 2), 50))103
(((4, 2, 1), 2), ((4, 2, 1), 4), ((4, 2, 1), 8), ((4, 2, 2), 14), ((3, 2, 2), 25), ((4, 2, 1), 50))103
(((4, 2, 1), 2), ((4, 2, 1), 4), ((5, 2, 2), 7), ((4, 2, 1), 14), ((4, 2, 2), 26), ((4, 2, 2), 50))103
(((4, 2, 1), 2), ((5, 1, 1), 4), ((3, 2, 1), 7), ((4, 2, 1), 14), ((4, 2, 2), 26), ((4, 2, 2), 50))103
(((4, 2, 1), 2), ((5, 1, 1), 4), ((4, 2, 1), 8), ((3, 2, 2), 13), ((4, 2, 1), 26), ((4, 2, 2), 50))103
(((4, 2, 1), 2), ((5, 1, 1), 4), ((4, 2, 1), 8), ((4, 2, 2), 14), ((3, 2, 2), 25), ((4, 2, 1), 50))103
(((4, 2, 1), 2), ((5, 1, 1), 4), ((5, 2, 2), 7), ((4, 2, 1), 14), ((4, 2, 2), 26), ((4, 2, 2), 50))103
(((4, 2, 1), 2), ((5, 2, 1), 5), ((3, 2, 2), 7), ((3, 2, 1), 13), ((4, 2, 1), 26), ((4, 2, 2), 50))103
(((4, 2, 1), 2), ((5, 2, 1), 5), ((3, 2, 2), 7), ((4, 2, 1), 14), ((3, 2, 2), 25), ((4, 2, 1), 50))103
(((4, 2, 1), 2), ((5, 2, 1), 5), ((3, 2, 2), 7), ((5, 2, 2), 13), ((4, 2, 1), 26), ((4, 2, 2), 50))103
(((4, 2, 1), 2), ((5, 2, 1), 5), ((4, 2, 2), 8), ((3, 2, 2), 13), ((3, 2, 1), 25), ((4, 2, 1), 50))103
(((4, 2, 1), 2), ((5, 2, 1), 5), ((4, 2, 2), 8), ((3, 2, 2), 13), ((5, 2, 2), 25), ((4, 2, 1), 50))103
(((4, 2, 1), 2), ((5, 2, 1), 5), ((5, 1, 1), 7), ((3, 2, 1), 13), ((4, 2, 1), 26), ((4, 2, 2), 50))103
(((4, 2, 1), 2), ((5, 2, 1), 5), ((5, 1, 1), 7), ((4, 2, 1), 14), ((3, 2, 2), 25), ((4, 2, 1), 50))103
(((4, 2, 1), 2), ((5, 2, 1), 5), ((5, 1, 1), 7), ((5, 2, 2), 13), ((4, 2, 1), 26), ((4, 2, 2), 50))103
(((5, 1, 1), 3), ((3, 2, 1), 5), ((3, 2, 2), 7), ((3, 2, 1), 13), ((3, 2, 1), 25), ((4, 2, 1), 50))103
(((5, 1, 1), 3), ((3, 2, 1), 5), ((3, 2, 2), 7), ((3, 2, 1), 13), ((5, 2, 2), 25), ((4, 2, 1), 50))103
(((5, 1, 1), 3), ((3, 2, 1), 5), ((3, 2, 2), 7), ((5, 2, 2), 13), ((3, 2, 1), 25), ((4, 2, 1), 50))103
(((5, 1, 1), 3), ((3, 2, 1), 5), ((3, 2, 2), 7), ((5, 2, 2), 13), ((5, 2, 2), 25), ((4, 2, 1), 50))103
(((5, 1, 1), 3), ((3, 2, 1), 5), ((4, 1, 1), 6), ((5, 2, 1), 13), ((4, 2, 1), 26), ((4, 2, 2), 50))103
(((5, 1, 1), 3), ((3, 2, 1), 5), ((5, 1, 1), 7), ((3, 2, 1), 13), ((3, 2, 1), 25), ((4, 2, 1), 50))103
(((5, 1, 1), 3), ((3, 2, 1), 5), ((5, 1, 1), 7), ((3, 2, 1), 13), ((5, 2, 2), 25), ((4, 2, 1), 50))103
(((5, 1, 1), 3), ((3, 2, 1), 5), ((5, 1, 1), 7), ((5, 2, 2), 13), ((3, 2, 1), 25), ((4, 2, 1), 50))103
(((5, 1, 1), 3), ((3, 2, 1), 5), ((5, 1, 1), 7), ((5, 2, 2), 13), ((5, 2, 2), 25), ((4, 2, 1), 50))103
(((5, 1, 1), 3), ((4, 1, 1), 4), ((3, 2, 1), 7), ((3, 2, 1), 13), ((4, 2, 1), 26), ((4, 2, 2), 50))103
(((5, 1, 1), 3), ((4, 1, 1), 4), ((3, 2, 1), 7), ((4, 2, 1), 14), ((3, 2, 2), 25), ((4, 2, 1), 50))103
(((5, 1, 1), 3), ((4, 1, 1), 4), ((3, 2, 1), 7), ((5, 2, 2), 13), ((4, 2, 1), 26), ((4, 2, 2), 50))103
(((5, 1, 1), 3), ((4, 1, 1), 4), ((4, 2, 1), 8), ((3, 2, 2), 13), ((3, 2, 1), 25), ((4, 2, 1), 50))103
(((5, 1, 1), 3), ((4, 1, 1), 4), ((4, 2, 1), 8), ((3, 2, 2), 13), ((5, 2, 2), 25), ((4, 2, 1), 50))103
(((5, 1, 1), 3), ((4, 1, 1), 4), ((5, 2, 2), 7), ((3, 2, 1), 13), ((4, 2, 1), 26), ((4, 2, 2), 50))103
(((5, 1, 1), 3), ((4, 1, 1), 4), ((5, 2, 2), 7), ((4, 2, 1), 14), ((3, 2, 2), 25), ((4, 2, 1), 50))103
(((5, 1, 1), 3), ((4, 1, 1), 4), ((5, 2, 2), 7), ((5, 2, 2), 13), ((4, 2, 1), 26), ((4, 2, 2), 50))103
(((5, 1, 1), 3), ((4, 2, 1), 6), ((4, 1, 1), 7), ((4, 2, 2), 12), ((5, 2, 1), 25), ((4, 2, 1), 50))103
(((5, 1, 1), 3), ((4, 2, 2), 4), ((3, 2, 1), 7), ((3, 2, 1), 13), ((4, 2, 1), 26), ((4, 2, 2), 50))103
(((5, 1, 1), 3), ((4, 2, 2), 4), ((3, 2, 1), 7), ((4, 2, 1), 14), ((3, 2, 2), 25), ((4, 2, 1), 50))103
(((5, 1, 1), 3), ((4, 2, 2), 4), ((3, 2, 1), 7), ((5, 2, 2), 13), ((4, 2, 1), 26), ((4, 2, 2), 50))103
(((5, 1, 1), 3), ((4, 2, 2), 4), ((4, 2, 1), 8), ((3, 2, 2), 13), ((3, 2, 1), 25), ((4, 2, 1), 50))103
(((5, 1, 1), 3), ((4, 2, 2), 4), ((4, 2, 1), 8), ((3, 2, 2), 13), ((5, 2, 2), 25), ((4, 2, 1), 50))103
(((5, 1, 1), 3), ((4, 2, 2), 4), ((5, 2, 2), 7), ((3, 2, 1), 13), ((4, 2, 1), 26), ((4, 2, 2), 50))103
(((5, 1, 1), 3), ((4, 2, 2), 4), ((5, 2, 2), 7), ((4, 2, 1), 14), ((3, 2, 2), 25), ((4, 2, 1), 50))103
(((5, 1, 1), 3), ((4, 2, 2), 4), ((5, 2, 2), 7), ((5, 2, 2), 13), ((4, 2, 1), 26), ((4, 2, 2), 50))103
(((5, 1, 1), 3), ((5, 1, 1), 5), ((3, 2, 2), 7), ((3, 2, 1), 13), ((3, 2, 1), 25), ((4, 2, 1), 50))103
(((5, 1, 1), 3), ((5, 1, 1), 5), ((3, 2, 2), 7), ((3, 2, 1), 13), ((5, 2, 2), 25), ((4, 2, 1), 50))103
(((5, 1, 1), 3), ((5, 1, 1), 5), ((3, 2, 2), 7), ((5, 2, 2), 13), ((3, 2, 1), 25), ((4, 2, 1), 50))103
(((5, 1, 1), 3), ((5, 1, 1), 5), ((3, 2, 2), 7), ((5, 2, 2), 13), ((5, 2, 2), 25), ((4, 2, 1), 50))103
(((5, 1, 1), 3), ((5, 1, 1), 5), ((4, 1, 1), 6), ((5, 2, 1), 13), ((4, 2, 1), 26), ((4, 2, 2), 50))103
(((5, 1, 1), 3), ((5, 1, 1), 5), ((5, 1, 1), 7), ((3, 2, 1), 13), ((3, 2, 1), 25), ((4, 2, 1), 50))103
(((5, 1, 1), 3), ((5, 1, 1), 5), ((5, 1, 1), 7), ((3, 2, 1), 13), ((5, 2, 2), 25), ((4, 2, 1), 50))103
(((5, 1, 1), 3), ((5, 1, 1), 5), ((5, 1, 1), 7), ((5, 2, 2), 13), ((3, 2, 1), 25), ((4, 2, 1), 50))103
(((5, 1, 1), 3), ((5, 1, 1), 5), ((5, 1, 1), 7), ((5, 2, 2), 13), ((5, 2, 2), 25), ((4, 2, 1), 50))103
(((5, 1, 1), 3), ((5, 2, 2), 5), ((3, 2, 2), 7), ((3, 2, 1), 13), ((3, 2, 1), 25), ((4, 2, 1), 50))103
(((5, 1, 1), 3), ((5, 2, 2), 5), ((3, 2, 2), 7), ((3, 2, 1), 13), ((5, 2, 2), 25), ((4, 2, 1), 50))103
(((5, 1, 1), 3), ((5, 2, 2), 5), ((3, 2, 2), 7), ((5, 2, 2), 13), ((3, 2, 1), 25), ((4, 2, 1), 50))103
(((5, 1, 1), 3), ((5, 2, 2), 5), ((3, 2, 2), 7), ((5, 2, 2), 13), ((5, 2, 2), 25), ((4, 2, 1), 50))103
(((5, 1, 1), 3), ((5, 2, 2), 5), ((4, 1, 1), 6), ((5, 2, 1), 13), ((4, 2, 1), 26), ((4, 2, 2), 50))103
(((5, 1, 1), 3), ((5, 2, 2), 5), ((5, 1, 1), 7), ((3, 2, 1), 13), ((3, 2, 1), 25), ((4, 2, 1), 50))103
(((5, 1, 1), 3), ((5, 2, 2), 5), ((5, 1, 1), 7), ((3, 2, 1), 13), ((5, 2, 2), 25), ((4, 2, 1), 50))103
(((5, 1, 1), 3), ((5, 2, 2), 5), ((5, 1, 1), 7), ((5, 2, 2), 13), ((3, 2, 1), 25), ((4, 2, 1), 50))103
(((5, 1, 1), 3), ((5, 2, 2), 5), ((5, 1, 1), 7), ((5, 2, 2), 13), ((5, 2, 2), 25), ((4, 2, 1), 50))103
(((5, 2, 1), 3), ((3, 2, 1), 5), ((3, 2, 2), 7), ((3, 2, 1), 13), ((3, 2, 1), 25), ((4, 2, 1), 50))103
(((5, 2, 1), 3), ((3, 2, 1), 5), ((3, 2, 2), 7), ((3, 2, 1), 13), ((5, 2, 2), 25), ((4, 2, 1), 50))103
(((5, 2, 1), 3), ((3, 2, 1), 5), ((3, 2, 2), 7), ((5, 2, 2), 13), ((3, 2, 1), 25), ((4, 2, 1), 50))103
(((5, 2, 1), 3), ((3, 2, 1), 5), ((3, 2, 2), 7), ((5, 2, 2), 13), ((5, 2, 2), 25), ((4, 2, 1), 50))103
(((5, 2, 1), 3), ((3, 2, 1), 5), ((4, 1, 1), 6), ((5, 2, 1), 13), ((4, 2, 1), 26), ((4, 2, 2), 50))103
(((5, 2, 1), 3), ((3, 2, 1), 5), ((5, 1, 1), 7), ((3, 2, 1), 13), ((3, 2, 1), 25), ((4, 2, 1), 50))103
(((5, 2, 1), 3), ((3, 2, 1), 5), ((5, 1, 1), 7), ((3, 2, 1), 13), ((5, 2, 2), 25), ((4, 2, 1), 50))103
(((5, 2, 1), 3), ((3, 2, 1), 5), ((5, 1, 1), 7), ((5, 2, 2), 13), ((3, 2, 1), 25), ((4, 2, 1), 50))103
(((5, 2, 1), 3), ((3, 2, 1), 5), ((5, 1, 1), 7), ((5, 2, 2), 13), ((5, 2, 2), 25), ((4, 2, 1), 50))103
(((5, 2, 1), 3), ((4, 1, 1), 4), ((3, 2, 1), 7), ((3, 2, 1), 13), ((4, 2, 1), 26), ((4, 2, 2), 50))103
(((5, 2, 1), 3), ((4, 1, 1), 4), ((3, 2, 1), 7), ((4, 2, 1), 14), ((3, 2, 2), 25), ((4, 2, 1), 50))103
(((5, 2, 1), 3), ((4, 1, 1), 4), ((3, 2, 1), 7), ((5, 2, 2), 13), ((4, 2, 1), 26), ((4, 2, 2), 50))103
(((5, 2, 1), 3), ((4, 1, 1), 4), ((4, 2, 1), 8), ((3, 2, 2), 13), ((3, 2, 1), 25), ((4, 2, 1), 50))103
(((5, 2, 1), 3), ((4, 1, 1), 4), ((4, 2, 1), 8), ((3, 2, 2), 13), ((5, 2, 2), 25), ((4, 2, 1), 50))103
(((5, 2, 1), 3), ((4, 1, 1), 4), ((5, 2, 2), 7), ((3, 2, 1), 13), ((4, 2, 1), 26), ((4, 2, 2), 50))103
(((5, 2, 1), 3), ((4, 1, 1), 4), ((5, 2, 2), 7), ((4, 2, 1), 14), ((3, 2, 2), 25), ((4, 2, 1), 50))103
(((5, 2, 1), 3), ((4, 1, 1), 4), ((5, 2, 2), 7), ((5, 2, 2), 13), ((4, 2, 1), 26), ((4, 2, 2), 50))103
(((5, 2, 1), 3), ((4, 2, 1), 6), ((4, 1, 1), 7), ((4, 2, 2), 12), ((5, 2, 1), 25), ((4, 2, 1), 50))103
(((5, 2, 1), 3), ((4, 2, 2), 4), ((3, 2, 1), 7), ((3, 2, 1), 13), ((4, 2, 1), 26), ((4, 2, 2), 50))103
(((5, 2, 1), 3), ((4, 2, 2), 4), ((3, 2, 1), 7), ((4, 2, 1), 14), ((3, 2, 2), 25), ((4, 2, 1), 50))103
(((5, 2, 1), 3), ((4, 2, 2), 4), ((3, 2, 1), 7), ((5, 2, 2), 13), ((4, 2, 1), 26), ((4, 2, 2), 50))103
(((5, 2, 1), 3), ((4, 2, 2), 4), ((4, 2, 1), 8), ((3, 2, 2), 13), ((3, 2, 1), 25), ((4, 2, 1), 50))103
(((5, 2, 1), 3), ((4, 2, 2), 4), ((4, 2, 1), 8), ((3, 2, 2), 13), ((5, 2, 2), 25), ((4, 2, 1), 50))103
(((5, 2, 1), 3), ((4, 2, 2), 4), ((5, 2, 2), 7), ((3, 2, 1), 13), ((4, 2, 1), 26), ((4, 2, 2), 50))103
(((5, 2, 1), 3), ((4, 2, 2), 4), ((5, 2, 2), 7), ((4, 2, 1), 14), ((3, 2, 2), 25), ((4, 2, 1), 50))103
(((5, 2, 1), 3), ((4, 2, 2), 4), ((5, 2, 2), 7), ((5, 2, 2), 13), ((4, 2, 1), 26), ((4, 2, 2), 50))103
(((5, 2, 1), 3), ((5, 1, 1), 5), ((3, 2, 2), 7), ((3, 2, 1), 13), ((3, 2, 1), 25), ((4, 2, 1), 50))103
(((5, 2, 1), 3), ((5, 1, 1), 5), ((3, 2, 2), 7), ((3, 2, 1), 13), ((5, 2, 2), 25), ((4, 2, 1), 50))103
(((5, 2, 1), 3), ((5, 1, 1), 5), ((3, 2, 2), 7), ((5, 2, 2), 13), ((3, 2, 1), 25), ((4, 2, 1), 50))103
(((5, 2, 1), 3), ((5, 1, 1), 5), ((3, 2, 2), 7), ((5, 2, 2), 13), ((5, 2, 2), 25), ((4, 2, 1), 50))103
(((5, 2, 1), 3), ((5, 1, 1), 5), ((4, 1, 1), 6), ((5, 2, 1), 13), ((4, 2, 1), 26), ((4, 2, 2), 50))103
(((5, 2, 1), 3), ((5, 1, 1), 5), ((5, 1, 1), 7), ((3, 2, 1), 13), ((3, 2, 1), 25), ((4, 2, 1), 50))103
(((5, 2, 1), 3), ((5, 1, 1), 5), ((5, 1, 1), 7), ((3, 2, 1), 13), ((5, 2, 2), 25), ((4, 2, 1), 50))103
(((5, 2, 1), 3), ((5, 1, 1), 5), ((5, 1, 1), 7), ((5, 2, 2), 13), ((3, 2, 1), 25), ((4, 2, 1), 50))103
(((5, 2, 1), 3), ((5, 1, 1), 5), ((5, 1, 1), 7), ((5, 2, 2), 13), ((5, 2, 2), 25), ((4, 2, 1), 50))103
(((5, 2, 1), 3), ((5, 2, 2), 5), ((3, 2, 2), 7), ((3, 2, 1), 13), ((3, 2, 1), 25), ((4, 2, 1), 50))103
(((5, 2, 1), 3), ((5, 2, 2), 5), ((3, 2, 2), 7), ((3, 2, 1), 13), ((5, 2, 2), 25), ((4, 2, 1), 50))103
(((5, 2, 1), 3), ((5, 2, 2), 5), ((3, 2, 2), 7), ((5, 2, 2), 13), ((3, 2, 1), 25), ((4, 2, 1), 50))103
(((5, 2, 1), 3), ((5, 2, 2), 5), ((3, 2, 2), 7), ((5, 2, 2), 13), ((5, 2, 2), 25), ((4, 2, 1), 50))103
(((5, 2, 1), 3), ((5, 2, 2), 5), ((4, 1, 1), 6), ((5, 2, 1), 13), ((4, 2, 1), 26), ((4, 2, 2), 50))103
(((5, 2, 1), 3), ((5, 2, 2), 5), ((5, 1, 1), 7), ((3, 2, 1), 13), ((3, 2, 1), 25), ((4, 2, 1), 50))103
(((5, 2, 1), 3), ((5, 2, 2), 5), ((5, 1, 1), 7), ((3, 2, 1), 13), ((5, 2, 2), 25), ((4, 2, 1), 50))103
(((5, 2, 1), 3), ((5, 2, 2), 5), ((5, 1, 1), 7), ((5, 2, 2), 13), ((3, 2, 1), 25), ((4, 2, 1), 50))103
(((5, 2, 1), 3), ((5, 2, 2), 5), ((5, 1, 1), 7), ((5, 2, 2), 13), ((5, 2, 2), 25), ((4, 2, 1), 50))103
(((4, 1, 1), 2), ((4, 2, 1), 4), ((4, 2, 1), 8), ((4, 2, 2), 14), ((4, 2, 2), 26), ((4, 2, 2), 50))104
(((4, 1, 1), 2), ((5, 1, 1), 4), ((4, 2, 1), 8), ((4, 2, 2), 14), ((4, 2, 2), 26), ((4, 2, 2), 50))104
(((4, 1, 1), 2), ((5, 2, 1), 5), ((3, 2, 2), 7), ((4, 2, 1), 14), ((4, 2, 2), 26), ((4, 2, 2), 50))104
(((4, 1, 1), 2), ((5, 2, 1), 5), ((4, 2, 1), 10), ((5, 1, 1), 12), ((5, 2, 1), 25), ((4, 2, 1), 50))104
(((4, 1, 1), 2), ((5, 2, 1), 5), ((4, 2, 2), 8), ((3, 2, 2), 13), ((4, 2, 1), 26), ((4, 2, 2), 50))104
(((4, 1, 1), 2), ((5, 2, 1), 5), ((4, 2, 2), 8), ((4, 2, 2), 14), ((3, 2, 2), 25), ((4, 2, 1), 50))104
(((4, 1, 1), 2), ((5, 2, 1), 5), ((5, 1, 1), 7), ((4, 2, 1), 14), ((4, 2, 2), 26), ((4, 2, 2), 50))104
(((4, 2, 1), 2), ((4, 2, 1), 4), ((4, 2, 1), 8), ((4, 2, 2), 14), ((4, 2, 2), 26), ((4, 2, 2), 50))104
(((4, 2, 1), 2), ((5, 1, 1), 4), ((4, 2, 1), 8), ((4, 2, 2), 14), ((4, 2, 2), 26), ((4, 2, 2), 50))104
(((4, 2, 1), 2), ((5, 2, 1), 5), ((3, 2, 2), 7), ((4, 2, 1), 14), ((4, 2, 2), 26), ((4, 2, 2), 50))104
(((4, 2, 1), 2), ((5, 2, 1), 5), ((4, 2, 1), 10), ((5, 1, 1), 12), ((5, 2, 1), 25), ((4, 2, 1), 50))104
(((4, 2, 1), 2), ((5, 2, 1), 5), ((4, 2, 2), 8), ((3, 2, 2), 13), ((4, 2, 1), 26), ((4, 2, 2), 50))104
(((4, 2, 1), 2), ((5, 2, 1), 5), ((4, 2, 2), 8), ((4, 2, 2), 14), ((3, 2, 2), 25), ((4, 2, 1), 50))104
(((4, 2, 1), 2), ((5, 2, 1), 5), ((5, 1, 1), 7), ((4, 2, 1), 14), ((4, 2, 2), 26), ((4, 2, 2), 50))104
(((5, 1, 1), 3), ((3, 2, 1), 5), ((3, 2, 2), 7), ((3, 2, 1), 13), ((4, 2, 1), 26), ((4, 2, 2), 50))104
(((5, 1, 1), 3), ((3, 2, 1), 5), ((3, 2, 2), 7), ((4, 2, 1), 14), ((3, 2, 2), 25), ((4, 2, 1), 50))104
(((5, 1, 1), 3), ((3, 2, 1), 5), ((3, 2, 2), 7), ((5, 2, 2), 13), ((4, 2, 1), 26), ((4, 2, 2), 50))104
(((5, 1, 1), 3), ((3, 2, 1), 5), ((4, 2, 2), 8), ((3, 2, 2), 13), ((3, 2, 1), 25), ((4, 2, 1), 50))104
(((5, 1, 1), 3), ((3, 2, 1), 5), ((4, 2, 2), 8), ((3, 2, 2), 13), ((5, 2, 2), 25), ((4, 2, 1), 50))104
(((5, 1, 1), 3), ((3, 2, 1), 5), ((5, 1, 1), 7), ((3, 2, 1), 13), ((4, 2, 1), 26), ((4, 2, 2), 50))104
(((5, 1, 1), 3), ((3, 2, 1), 5), ((5, 1, 1), 7), ((4, 2, 1), 14), ((3, 2, 2), 25), ((4, 2, 1), 50))104
(((5, 1, 1), 3), ((3, 2, 1), 5), ((5, 1, 1), 7), ((5, 2, 2), 13), ((4, 2, 1), 26), ((4, 2, 2), 50))104
(((5, 1, 1), 3), ((4, 1, 1), 4), ((3, 2, 1), 7), ((4, 2, 1), 14), ((4, 2, 2), 26), ((4, 2, 2), 50))104
(((5, 1, 1), 3), ((4, 1, 1), 4), ((4, 2, 1), 8), ((3, 2, 2), 13), ((4, 2, 1), 26), ((4, 2, 2), 50))104
(((5, 1, 1), 3), ((4, 1, 1), 4), ((4, 2, 1), 8), ((4, 2, 2), 14), ((3, 2, 2), 25), ((4, 2, 1), 50))104
(((5, 1, 1), 3), ((4, 1, 1), 4), ((5, 2, 2), 7), ((4, 2, 1), 14), ((4, 2, 2), 26), ((4, 2, 2), 50))104
(((5, 1, 1), 3), ((4, 2, 1), 6), ((4, 1, 1), 7), ((3, 2, 1), 13), ((3, 2, 1), 25), ((4, 2, 1), 50))104
(((5, 1, 1), 3), ((4, 2, 1), 6), ((4, 1, 1), 7), ((3, 2, 1), 13), ((5, 2, 2), 25), ((4, 2, 1), 50))104
(((5, 1, 1), 3), ((4, 2, 1), 6), ((4, 1, 1), 7), ((5, 2, 2), 13), ((3, 2, 1), 25), ((4, 2, 1), 50))104
(((5, 1, 1), 3), ((4, 2, 1), 6), ((4, 1, 1), 7), ((5, 2, 2), 13), ((5, 2, 2), 25), ((4, 2, 1), 50))104
(((5, 1, 1), 3), ((4, 2, 2), 4), ((3, 2, 1), 7), ((4, 2, 1), 14), ((4, 2, 2), 26), ((4, 2, 2), 50))104
(((5, 1, 1), 3), ((4, 2, 2), 4), ((4, 2, 1), 8), ((3, 2, 2), 13), ((4, 2, 1), 26), ((4, 2, 2), 50))104
(((5, 1, 1), 3), ((4, 2, 2), 4), ((4, 2, 1), 8), ((4, 2, 2), 14), ((3, 2, 2), 25), ((4, 2, 1), 50))104
(((5, 1, 1), 3), ((4, 2, 2), 4), ((5, 2, 2), 7), ((4, 2, 1), 14), ((4, 2, 2), 26), ((4, 2, 2), 50))104
(((5, 1, 1), 3), ((5, 1, 1), 5), ((3, 2, 2), 7), ((3, 2, 1), 13), ((4, 2, 1), 26), ((4, 2, 2), 50))104
(((5, 1, 1), 3), ((5, 1, 1), 5), ((3, 2, 2), 7), ((4, 2, 1), 14), ((3, 2, 2), 25), ((4, 2, 1), 50))104
(((5, 1, 1), 3), ((5, 1, 1), 5), ((3, 2, 2), 7), ((5, 2, 2), 13), ((4, 2, 1), 26), ((4, 2, 2), 50))104
(((5, 1, 1), 3), ((5, 1, 1), 5), ((4, 2, 2), 8), ((3, 2, 2), 13), ((3, 2, 1), 25), ((4, 2, 1), 50))104
(((5, 1, 1), 3), ((5, 1, 1), 5), ((4, 2, 2), 8), ((3, 2, 2), 13), ((5, 2, 2), 25), ((4, 2, 1), 50))104
(((5, 1, 1), 3), ((5, 1, 1), 5), ((5, 1, 1), 7), ((3, 2, 1), 13), ((4, 2, 1), 26), ((4, 2, 2), 50))104
(((5, 1, 1), 3), ((5, 1, 1), 5), ((5, 1, 1), 7), ((4, 2, 1), 14), ((3, 2, 2), 25), ((4, 2, 1), 50))104
(((5, 1, 1), 3), ((5, 1, 1), 5), ((5, 1, 1), 7), ((5, 2, 2), 13), ((4, 2, 1), 26), ((4, 2, 2), 50))104
(((5, 1, 1), 3), ((5, 2, 2), 5), ((3, 2, 2), 7), ((3, 2, 1), 13), ((4, 2, 1), 26), ((4, 2, 2), 50))104
(((5, 1, 1), 3), ((5, 2, 2), 5), ((3, 2, 2), 7), ((4, 2, 1), 14), ((3, 2, 2), 25), ((4, 2, 1), 50))104
(((5, 1, 1), 3), ((5, 2, 2), 5), ((3, 2, 2), 7), ((5, 2, 2), 13), ((4, 2, 1), 26), ((4, 2, 2), 50))104
(((5, 1, 1), 3), ((5, 2, 2), 5), ((4, 2, 2), 8), ((3, 2, 2), 13), ((3, 2, 1), 25), ((4, 2, 1), 50))104
(((5, 1, 1), 3), ((5, 2, 2), 5), ((4, 2, 2), 8), ((3, 2, 2), 13), ((5, 2, 2), 25), ((4, 2, 1), 50))104
(((5, 1, 1), 3), ((5, 2, 2), 5), ((5, 1, 1), 7), ((3, 2, 1), 13), ((4, 2, 1), 26), ((4, 2, 2), 50))104
(((5, 1, 1), 3), ((5, 2, 2), 5), ((5, 1, 1), 7), ((4, 2, 1), 14), ((3, 2, 2), 25), ((4, 2, 1), 50))104
(((5, 1, 1), 3), ((5, 2, 2), 5), ((5, 1, 1), 7), ((5, 2, 2), 13), ((4, 2, 1), 26), ((4, 2, 2), 50))104
(((5, 2, 1), 3), ((3, 2, 1), 5), ((3, 2, 2), 7), ((3, 2, 1), 13), ((4, 2, 1), 26), ((4, 2, 2), 50))104
(((5, 2, 1), 3), ((3, 2, 1), 5), ((3, 2, 2), 7), ((4, 2, 1), 14), ((3, 2, 2), 25), ((4, 2, 1), 50))104
(((5, 2, 1), 3), ((3, 2, 1), 5), ((3, 2, 2), 7), ((5, 2, 2), 13), ((4, 2, 1), 26), ((4, 2, 2), 50))104
(((5, 2, 1), 3), ((3, 2, 1), 5), ((4, 2, 2), 8), ((3, 2, 2), 13), ((3, 2, 1), 25), ((4, 2, 1), 50))104
(((5, 2, 1), 3), ((3, 2, 1), 5), ((4, 2, 2), 8), ((3, 2, 2), 13), ((5, 2, 2), 25), ((4, 2, 1), 50))104
(((5, 2, 1), 3), ((3, 2, 1), 5), ((5, 1, 1), 7), ((3, 2, 1), 13), ((4, 2, 1), 26), ((4, 2, 2), 50))104
(((5, 2, 1), 3), ((3, 2, 1), 5), ((5, 1, 1), 7), ((4, 2, 1), 14), ((3, 2, 2), 25), ((4, 2, 1), 50))104
(((5, 2, 1), 3), ((3, 2, 1), 5), ((5, 1, 1), 7), ((5, 2, 2), 13), ((4, 2, 1), 26), ((4, 2, 2), 50))104
(((5, 2, 1), 3), ((4, 1, 1), 4), ((3, 2, 1), 7), ((4, 2, 1), 14), ((4, 2, 2), 26), ((4, 2, 2), 50))104
(((5, 2, 1), 3), ((4, 1, 1), 4), ((4, 2, 1), 8), ((3, 2, 2), 13), ((4, 2, 1), 26), ((4, 2, 2), 50))104
(((5, 2, 1), 3), ((4, 1, 1), 4), ((4, 2, 1), 8), ((4, 2, 2), 14), ((3, 2, 2), 25), ((4, 2, 1), 50))104
(((5, 2, 1), 3), ((4, 1, 1), 4), ((5, 2, 2), 7), ((4, 2, 1), 14), ((4, 2, 2), 26), ((4, 2, 2), 50))104
(((5, 2, 1), 3), ((4, 2, 1), 6), ((4, 1, 1), 7), ((3, 2, 1), 13), ((3, 2, 1), 25), ((4, 2, 1), 50))104
(((5, 2, 1), 3), ((4, 2, 1), 6), ((4, 1, 1), 7), ((3, 2, 1), 13), ((5, 2, 2), 25), ((4, 2, 1), 50))104
(((5, 2, 1), 3), ((4, 2, 1), 6), ((4, 1, 1), 7), ((5, 2, 2), 13), ((3, 2, 1), 25), ((4, 2, 1), 50))104
(((5, 2, 1), 3), ((4, 2, 1), 6), ((4, 1, 1), 7), ((5, 2, 2), 13), ((5, 2, 2), 25), ((4, 2, 1), 50))104
(((5, 2, 1), 3), ((4, 2, 2), 4), ((3, 2, 1), 7), ((4, 2, 1), 14), ((4, 2, 2), 26), ((4, 2, 2), 50))104
(((5, 2, 1), 3), ((4, 2, 2), 4), ((4, 2, 1), 8), ((3, 2, 2), 13), ((4, 2, 1), 26), ((4, 2, 2), 50))104
(((5, 2, 1), 3), ((4, 2, 2), 4), ((4, 2, 1), 8), ((4, 2, 2), 14), ((3, 2, 2), 25), ((4, 2, 1), 50))104
(((5, 2, 1), 3), ((4, 2, 2), 4), ((5, 2, 2), 7), ((4, 2, 1), 14), ((4, 2, 2), 26), ((4, 2, 2), 50))104
(((5, 2, 1), 3), ((5, 1, 1), 5), ((3, 2, 2), 7), ((3, 2, 1), 13), ((4, 2, 1), 26), ((4, 2, 2), 50))104
(((5, 2, 1), 3), ((5, 1, 1), 5), ((3, 2, 2), 7), ((4, 2, 1), 14), ((3, 2, 2), 25), ((4, 2, 1), 50))104
(((5, 2, 1), 3), ((5, 1, 1), 5), ((3, 2, 2), 7), ((5, 2, 2), 13), ((4, 2, 1), 26), ((4, 2, 2), 50))104
(((5, 2, 1), 3), ((5, 1, 1), 5), ((4, 2, 2), 8), ((3, 2, 2), 13), ((3, 2, 1), 25), ((4, 2, 1), 50))104
(((5, 2, 1), 3), ((5, 1, 1), 5), ((4, 2, 2), 8), ((3, 2, 2), 13), ((5, 2, 2), 25), ((4, 2, 1), 50))104
(((5, 2, 1), 3), ((5, 1, 1), 5), ((5, 1, 1), 7), ((3, 2, 1), 13), ((4, 2, 1), 26), ((4, 2, 2), 50))104
(((5, 2, 1), 3), ((5, 1, 1), 5), ((5, 1, 1), 7), ((4, 2, 1), 14), ((3, 2, 2), 25), ((4, 2, 1), 50))104
(((5, 2, 1), 3), ((5, 1, 1), 5), ((5, 1, 1), 7), ((5, 2, 2), 13), ((4, 2, 1), 26), ((4, 2, 2), 50))104
(((5, 2, 1), 3), ((5, 2, 2), 5), ((3, 2, 2), 7), ((3, 2, 1), 13), ((4, 2, 1), 26), ((4, 2, 2), 50))104
(((5, 2, 1), 3), ((5, 2, 2), 5), ((3, 2, 2), 7), ((4, 2, 1), 14), ((3, 2, 2), 25), ((4, 2, 1), 50))104
(((5, 2, 1), 3), ((5, 2, 2), 5), ((3, 2, 2), 7), ((5, 2, 2), 13), ((4, 2, 1), 26), ((4, 2, 2), 50))104
(((5, 2, 1), 3), ((5, 2, 2), 5), ((4, 2, 2), 8), ((3, 2, 2), 13), ((3, 2, 1), 25), ((4, 2, 1), 50))104
(((5, 2, 1), 3), ((5, 2, 2), 5), ((4, 2, 2), 8), ((3, 2, 2), 13), ((5, 2, 2), 25), ((4, 2, 1), 50))104
(((5, 2, 1), 3), ((5, 2, 2), 5), ((5, 1, 1), 7), ((3, 2, 1), 13), ((4, 2, 1), 26), ((4, 2, 2), 50))104
(((5, 2, 1), 3), ((5, 2, 2), 5), ((5, 1, 1), 7), ((4, 2, 1), 14), ((3, 2, 2), 25), ((4, 2, 1), 50))104
(((5, 2, 1), 3), ((5, 2, 2), 5), ((5, 1, 1), 7), ((5, 2, 2), 13), ((4, 2, 1), 26), ((4, 2, 2), 50))104
(((4, 1, 1), 2), ((5, 2, 1), 5), ((4, 2, 2), 8), ((4, 2, 2), 14), ((4, 2, 2), 26), ((4, 2, 2), 50))105
(((4, 1, 1), 2), ((5, 2, 1), 5), ((5, 2, 1), 11), ((4, 1, 1), 12), ((5, 2, 1), 25), ((4, 2, 1), 50))105
(((4, 2, 1), 2), ((5, 2, 1), 5), ((4, 2, 2), 8), ((4, 2, 2), 14), ((4, 2, 2), 26), ((4, 2, 2), 50))105
(((4, 2, 1), 2), ((5, 2, 1), 5), ((5, 2, 1), 11), ((4, 1, 1), 12), ((5, 2, 1), 25), ((4, 2, 1), 50))105
(((5, 1, 1), 3), ((3, 2, 1), 5), ((3, 2, 2), 7), ((4, 2, 1), 14), ((4, 2, 2), 26), ((4, 2, 2), 50))105
(((5, 1, 1), 3), ((3, 2, 1), 5), ((4, 2, 1), 10), ((5, 1, 1), 12), ((5, 2, 1), 25), ((4, 2, 1), 50))105
(((5, 1, 1), 3), ((3, 2, 1), 5), ((4, 2, 2), 8), ((3, 2, 2), 13), ((4, 2, 1), 26), ((4, 2, 2), 50))105
(((5, 1, 1), 3), ((3, 2, 1), 5), ((4, 2, 2), 8), ((4, 2, 2), 14), ((3, 2, 2), 25), ((4, 2, 1), 50))105
(((5, 1, 1), 3), ((3, 2, 1), 5), ((5, 1, 1), 7), ((4, 2, 1), 14), ((4, 2, 2), 26), ((4, 2, 2), 50))105
(((5, 1, 1), 3), ((4, 1, 1), 4), ((4, 2, 1), 8), ((4, 2, 2), 14), ((4, 2, 2), 26), ((4, 2, 2), 50))105
(((5, 1, 1), 3), ((4, 2, 1), 6), ((4, 1, 1), 7), ((3, 2, 1), 13), ((4, 2, 1), 26), ((4, 2, 2), 50))105
(((5, 1, 1), 3), ((4, 2, 1), 6), ((4, 1, 1), 7), ((4, 2, 1), 14), ((3, 2, 2), 25), ((4, 2, 1), 50))105
(((5, 1, 1), 3), ((4, 2, 1), 6), ((4, 1, 1), 7), ((5, 2, 2), 13), ((4, 2, 1), 26), ((4, 2, 2), 50))105
(((5, 1, 1), 3), ((4, 2, 1), 6), ((5, 1, 1), 8), ((3, 2, 2), 13), ((3, 2, 1), 25), ((4, 2, 1), 50))105
(((5, 1, 1), 3), ((4, 2, 1), 6), ((5, 1, 1), 8), ((3, 2, 2), 13), ((5, 2, 2), 25), ((4, 2, 1), 50))105
(((5, 1, 1), 3), ((4, 2, 2), 4), ((4, 2, 1), 8), ((4, 2, 2), 14), ((4, 2, 2), 26), ((4, 2, 2), 50))105
(((5, 1, 1), 3), ((5, 1, 1), 5), ((3, 2, 2), 7), ((4, 2, 1), 14), ((4, 2, 2), 26), ((4, 2, 2), 50))105
(((5, 1, 1), 3), ((5, 1, 1), 5), ((4, 2, 1), 10), ((5, 1, 1), 12), ((5, 2, 1), 25), ((4, 2, 1), 50))105
(((5, 1, 1), 3), ((5, 1, 1), 5), ((4, 2, 2), 8), ((3, 2, 2), 13), ((4, 2, 1), 26), ((4, 2, 2), 50))105
(((5, 1, 1), 3), ((5, 1, 1), 5), ((4, 2, 2), 8), ((4, 2, 2), 14), ((3, 2, 2), 25), ((4, 2, 1), 50))105
(((5, 1, 1), 3), ((5, 1, 1), 5), ((5, 1, 1), 7), ((4, 2, 1), 14), ((4, 2, 2), 26), ((4, 2, 2), 50))105
(((5, 1, 1), 3), ((5, 2, 2), 5), ((3, 2, 2), 7), ((4, 2, 1), 14), ((4, 2, 2), 26), ((4, 2, 2), 50))105
(((5, 1, 1), 3), ((5, 2, 2), 5), ((4, 2, 1), 10), ((5, 1, 1), 12), ((5, 2, 1), 25), ((4, 2, 1), 50))105
(((5, 1, 1), 3), ((5, 2, 2), 5), ((4, 2, 2), 8), ((3, 2, 2), 13), ((4, 2, 1), 26), ((4, 2, 2), 50))105
(((5, 1, 1), 3), ((5, 2, 2), 5), ((4, 2, 2), 8), ((4, 2, 2), 14), ((3, 2, 2), 25), ((4, 2, 1), 50))105
(((5, 1, 1), 3), ((5, 2, 2), 5), ((5, 1, 1), 7), ((4, 2, 1), 14), ((4, 2, 2), 26), ((4, 2, 2), 50))105
(((5, 2, 1), 3), ((3, 2, 1), 5), ((3, 2, 2), 7), ((4, 2, 1), 14), ((4, 2, 2), 26), ((4, 2, 2), 50))105
(((5, 2, 1), 3), ((3, 2, 1), 5), ((4, 2, 1), 10), ((5, 1, 1), 12), ((5, 2, 1), 25), ((4, 2, 1), 50))105
(((5, 2, 1), 3), ((3, 2, 1), 5), ((4, 2, 2), 8), ((3, 2, 2), 13), ((4, 2, 1), 26), ((4, 2, 2), 50))105
(((5, 2, 1), 3), ((3, 2, 1), 5), ((4, 2, 2), 8), ((4, 2, 2), 14), ((3, 2, 2), 25), ((4, 2, 1), 50))105
(((5, 2, 1), 3), ((3, 2, 1), 5), ((5, 1, 1), 7), ((4, 2, 1), 14), ((4, 2, 2), 26), ((4, 2, 2), 50))105
(((5, 2, 1), 3), ((4, 1, 1), 4), ((4, 2, 1), 8), ((4, 2, 2), 14), ((4, 2, 2), 26), ((4, 2, 2), 50))105
(((5, 2, 1), 3), ((4, 2, 1), 6), ((4, 1, 1), 7), ((3, 2, 1), 13), ((4, 2, 1), 26), ((4, 2, 2), 50))105
(((5, 2, 1), 3), ((4, 2, 1), 6), ((4, 1, 1), 7), ((4, 2, 1), 14), ((3, 2, 2), 25), ((4, 2, 1), 50))105
(((5, 2, 1), 3), ((4, 2, 1), 6), ((4, 1, 1), 7), ((5, 2, 2), 13), ((4, 2, 1), 26), ((4, 2, 2), 50))105
(((5, 2, 1), 3), ((4, 2, 1), 6), ((5, 1, 1), 8), ((3, 2, 2), 13), ((3, 2, 1), 25), ((4, 2, 1), 50))105
(((5, 2, 1), 3), ((4, 2, 1), 6), ((5, 1, 1), 8), ((3, 2, 2), 13), ((5, 2, 2), 25), ((4, 2, 1), 50))105
(((5, 2, 1), 3), ((4, 2, 2), 4), ((4, 2, 1), 8), ((4, 2, 2), 14), ((4, 2, 2), 26), ((4, 2, 2), 50))105
(((5, 2, 1), 3), ((5, 1, 1), 5), ((3, 2, 2), 7), ((4, 2, 1), 14), ((4, 2, 2), 26), ((4, 2, 2), 50))105
(((5, 2, 1), 3), ((5, 1, 1), 5), ((4, 2, 1), 10), ((5, 1, 1), 12), ((5, 2, 1), 25), ((4, 2, 1), 50))105
(((5, 2, 1), 3), ((5, 1, 1), 5), ((4, 2, 2), 8), ((3, 2, 2), 13), ((4, 2, 1), 26), ((4, 2, 2), 50))105
(((5, 2, 1), 3), ((5, 1, 1), 5), ((4, 2, 2), 8), ((4, 2, 2), 14), ((3, 2, 2), 25), ((4, 2, 1), 50))105
(((5, 2, 1), 3), ((5, 1, 1), 5), ((5, 1, 1), 7), ((4, 2, 1), 14), ((4, 2, 2), 26), ((4, 2, 2), 50))105
(((5, 2, 1), 3), ((5, 2, 2), 5), ((3, 2, 2), 7), ((4, 2, 1), 14), ((4, 2, 2), 26), ((4, 2, 2), 50))105
(((5, 2, 1), 3), ((5, 2, 2), 5), ((4, 2, 1), 10), ((5, 1, 1), 12), ((5, 2, 1), 25), ((4, 2, 1), 50))105
(((5, 2, 1), 3), ((5, 2, 2), 5), ((4, 2, 2), 8), ((3, 2, 2), 13), ((4, 2, 1), 26), ((4, 2, 2), 50))105
(((5, 2, 1), 3), ((5, 2, 2), 5), ((4, 2, 2), 8), ((4, 2, 2), 14), ((3, 2, 2), 25), ((4, 2, 1), 50))105
(((5, 2, 1), 3), ((5, 2, 2), 5), ((5, 1, 1), 7), ((4, 2, 1), 14), ((4, 2, 2), 26), ((4, 2, 2), 50))105
(((4, 1, 1), 2), ((5, 2, 1), 5), ((5, 2, 1), 11), ((5, 1, 1), 13), ((3, 2, 1), 25), ((4, 2, 1), 50))106
(((4, 1, 1), 2), ((5, 2, 1), 5), ((5, 2, 1), 11), ((5, 1, 1), 13), ((5, 2, 2), 25), ((4, 2, 1), 50))106
(((4, 2, 1), 2), ((5, 2, 1), 5), ((5, 2, 1), 11), ((5, 1, 1), 13), ((3, 2, 1), 25), ((4, 2, 1), 50))106
(((4, 2, 1), 2), ((5, 2, 1), 5), ((5, 2, 1), 11), ((5, 1, 1), 13), ((5, 2, 2), 25), ((4, 2, 1), 50))106
(((5, 1, 1), 3), ((3, 2, 1), 5), ((4, 2, 2), 8), ((4, 2, 2), 14), ((4, 2, 2), 26), ((4, 2, 2), 50))106
(((5, 1, 1), 3), ((3, 2, 1), 5), ((5, 2, 1), 11), ((4, 1, 1), 12), ((5, 2, 1), 25), ((4, 2, 1), 50))106
(((5, 1, 1), 3), ((4, 2, 1), 6), ((4, 1, 1), 7), ((4, 2, 1), 14), ((4, 2, 2), 26), ((4, 2, 2), 50))106
(((5, 1, 1), 3), ((4, 2, 1), 6), ((4, 2, 2), 10), ((5, 1, 1), 12), ((5, 2, 1), 25), ((4, 2, 1), 50))106
(((5, 1, 1), 3), ((4, 2, 1), 6), ((5, 1, 1), 8), ((3, 2, 2), 13), ((4, 2, 1), 26), ((4, 2, 2), 50))106
(((5, 1, 1), 3), ((4, 2, 1), 6), ((5, 1, 1), 8), ((4, 2, 2), 14), ((3, 2, 2), 25), ((4, 2, 1), 50))106
(((5, 1, 1), 3), ((5, 1, 1), 5), ((4, 2, 2), 8), ((4, 2, 2), 14), ((4, 2, 2), 26), ((4, 2, 2), 50))106
(((5, 1, 1), 3), ((5, 1, 1), 5), ((5, 2, 1), 11), ((4, 1, 1), 12), ((5, 2, 1), 25), ((4, 2, 1), 50))106
(((5, 1, 1), 3), ((5, 2, 1), 7), ((4, 1, 1), 8), ((3, 2, 2), 13), ((3, 2, 1), 25), ((4, 2, 1), 50))106
(((5, 1, 1), 3), ((5, 2, 1), 7), ((4, 1, 1), 8), ((3, 2, 2), 13), ((5, 2, 2), 25), ((4, 2, 1), 50))106
(((5, 1, 1), 3), ((5, 2, 2), 5), ((4, 2, 2), 8), ((4, 2, 2), 14), ((4, 2, 2), 26), ((4, 2, 2), 50))106
(((5, 1, 1), 3), ((5, 2, 2), 5), ((5, 2, 1), 11), ((4, 1, 1), 12), ((5, 2, 1), 25), ((4, 2, 1), 50))106
(((5, 2, 1), 3), ((3, 2, 1), 5), ((4, 2, 2), 8), ((4, 2, 2), 14), ((4, 2, 2), 26), ((4, 2, 2), 50))106
(((5, 2, 1), 3), ((3, 2, 1), 5), ((5, 2, 1), 11), ((4, 1, 1), 12), ((5, 2, 1), 25), ((4, 2, 1), 50))106
(((5, 2, 1), 3), ((4, 2, 1), 6), ((4, 1, 1), 7), ((4, 2, 1), 14), ((4, 2, 2), 26), ((4, 2, 2), 50))106
(((5, 2, 1), 3), ((4, 2, 1), 6), ((4, 2, 2), 10), ((5, 1, 1), 12), ((5, 2, 1), 25), ((4, 2, 1), 50))106
(((5, 2, 1), 3), ((4, 2, 1), 6), ((5, 1, 1), 8), ((3, 2, 2), 13), ((4, 2, 1), 26), ((4, 2, 2), 50))106
(((5, 2, 1), 3), ((4, 2, 1), 6), ((5, 1, 1), 8), ((4, 2, 2), 14), ((3, 2, 2), 25), ((4, 2, 1), 50))106
(((5, 2, 1), 3), ((5, 1, 1), 5), ((4, 2, 2), 8), ((4, 2, 2), 14), ((4, 2, 2), 26), ((4, 2, 2), 50))106
(((5, 2, 1), 3), ((5, 1, 1), 5), ((5, 2, 1), 11), ((4, 1, 1), 12), ((5, 2, 1), 25), ((4, 2, 1), 50))106
(((5, 2, 1), 3), ((5, 2, 1), 7), ((4, 1, 1), 8), ((3, 2, 2), 13), ((3, 2, 1), 25), ((4, 2, 1), 50))106
(((5, 2, 1), 3), ((5, 2, 1), 7), ((4, 1, 1), 8), ((3, 2, 2), 13), ((5, 2, 2), 25), ((4, 2, 1), 50))106
(((5, 2, 1), 3), ((5, 2, 2), 5), ((4, 2, 2), 8), ((4, 2, 2), 14), ((4, 2, 2), 26), ((4, 2, 2), 50))106
(((5, 2, 1), 3), ((5, 2, 2), 5), ((5, 2, 1), 11), ((4, 1, 1), 12), ((5, 2, 1), 25), ((4, 2, 1), 50))106
(((4, 1, 1), 2), ((5, 2, 1), 5), ((5, 2, 1), 11), ((5, 1, 1), 13), ((4, 2, 1), 26), ((4, 2, 2), 50))107
(((4, 2, 1), 2), ((5, 2, 1), 5), ((5, 2, 1), 11), ((5, 1, 1), 13), ((4, 2, 1), 26), ((4, 2, 2), 50))107
(((5, 1, 1), 3), ((3, 2, 1), 5), ((5, 2, 1), 11), ((5, 1, 1), 13), ((3, 2, 1), 25), ((4, 2, 1), 50))107
(((5, 1, 1), 3), ((3, 2, 1), 5), ((5, 2, 1), 11), ((5, 1, 1), 13), ((5, 2, 2), 25), ((4, 2, 1), 50))107
(((5, 1, 1), 3), ((4, 2, 1), 6), ((3, 2, 1), 11), ((4, 1, 1), 12), ((5, 2, 1), 25), ((4, 2, 1), 50))107
(((5, 1, 1), 3), ((4, 2, 1), 6), ((5, 1, 1), 8), ((4, 2, 2), 14), ((4, 2, 2), 26), ((4, 2, 2), 50))107
(((5, 1, 1), 3), ((4, 2, 1), 6), ((5, 2, 2), 11), ((4, 1, 1), 12), ((5, 2, 1), 25), ((4, 2, 1), 50))107
(((5, 1, 1), 3), ((5, 1, 1), 5), ((5, 2, 1), 11), ((5, 1, 1), 13), ((3, 2, 1), 25), ((4, 2, 1), 50))107
(((5, 1, 1), 3), ((5, 1, 1), 5), ((5, 2, 1), 11), ((5, 1, 1), 13), ((5, 2, 2), 25), ((4, 2, 1), 50))107
(((5, 1, 1), 3), ((5, 2, 1), 7), ((4, 1, 1), 8), ((3, 2, 2), 13), ((4, 2, 1), 26), ((4, 2, 2), 50))107
(((5, 1, 1), 3), ((5, 2, 1), 7), ((4, 1, 1), 8), ((4, 2, 2), 14), ((3, 2, 2), 25), ((4, 2, 1), 50))107
(((5, 1, 1), 3), ((5, 2, 2), 5), ((5, 2, 1), 11), ((5, 1, 1), 13), ((3, 2, 1), 25), ((4, 2, 1), 50))107
(((5, 1, 1), 3), ((5, 2, 2), 5), ((5, 2, 1), 11), ((5, 1, 1), 13), ((5, 2, 2), 25), ((4, 2, 1), 50))107
(((5, 2, 1), 3), ((3, 2, 1), 5), ((5, 2, 1), 11), ((5, 1, 1), 13), ((3, 2, 1), 25), ((4, 2, 1), 50))107
(((5, 2, 1), 3), ((3, 2, 1), 5), ((5, 2, 1), 11), ((5, 1, 1), 13), ((5, 2, 2), 25), ((4, 2, 1), 50))107
(((5, 2, 1), 3), ((4, 2, 1), 6), ((3, 2, 1), 11), ((4, 1, 1), 12), ((5, 2, 1), 25), ((4, 2, 1), 50))107
(((5, 2, 1), 3), ((4, 2, 1), 6), ((5, 1, 1), 8), ((4, 2, 2), 14), ((4, 2, 2), 26), ((4, 2, 2), 50))107
(((5, 2, 1), 3), ((4, 2, 1), 6), ((5, 2, 2), 11), ((4, 1, 1), 12), ((5, 2, 1), 25), ((4, 2, 1), 50))107
(((5, 2, 1), 3), ((5, 1, 1), 5), ((5, 2, 1), 11), ((5, 1, 1), 13), ((3, 2, 1), 25), ((4, 2, 1), 50))107
(((5, 2, 1), 3), ((5, 1, 1), 5), ((5, 2, 1), 11), ((5, 1, 1), 13), ((5, 2, 2), 25), ((4, 2, 1), 50))107
(((5, 2, 1), 3), ((5, 2, 1), 7), ((4, 1, 1), 8), ((3, 2, 2), 13), ((4, 2, 1), 26), ((4, 2, 2), 50))107
(((5, 2, 1), 3), ((5, 2, 1), 7), ((4, 1, 1), 8), ((4, 2, 2), 14), ((3, 2, 2), 25), ((4, 2, 1), 50))107
(((5, 2, 1), 3), ((5, 2, 2), 5), ((5, 2, 1), 11), ((5, 1, 1), 13), ((3, 2, 1), 25), ((4, 2, 1), 50))107
(((5, 2, 1), 3), ((5, 2, 2), 5), ((5, 2, 1), 11), ((5, 1, 1), 13), ((5, 2, 2), 25), ((4, 2, 1), 50))107
(((5, 1, 1), 3), ((3, 2, 1), 5), ((5, 2, 1), 11), ((5, 1, 1), 13), ((4, 2, 1), 26), ((4, 2, 2), 50))108
(((5, 1, 1), 3), ((4, 2, 1), 6), ((3, 2, 1), 11), ((5, 1, 1), 13), ((3, 2, 1), 25), ((4, 2, 1), 50))108
(((5, 1, 1), 3), ((4, 2, 1), 6), ((3, 2, 1), 11), ((5, 1, 1), 13), ((5, 2, 2), 25), ((4, 2, 1), 50))108
(((5, 1, 1), 3), ((4, 2, 1), 6), ((5, 2, 2), 11), ((5, 1, 1), 13), ((3, 2, 1), 25), ((4, 2, 1), 50))108
(((5, 1, 1), 3), ((4, 2, 1), 6), ((5, 2, 2), 11), ((5, 1, 1), 13), ((5, 2, 2), 25), ((4, 2, 1), 50))108
(((5, 1, 1), 3), ((5, 1, 1), 5), ((5, 2, 1), 11), ((5, 1, 1), 13), ((4, 2, 1), 26), ((4, 2, 2), 50))108
(((5, 1, 1), 3), ((5, 2, 1), 7), ((3, 2, 2), 11), ((4, 1, 1), 12), ((5, 2, 1), 25), ((4, 2, 1), 50))108
(((5, 1, 1), 3), ((5, 2, 1), 7), ((4, 1, 1), 8), ((4, 2, 2), 14), ((4, 2, 2), 26), ((4, 2, 2), 50))108
(((5, 1, 1), 3), ((5, 2, 2), 5), ((5, 2, 1), 11), ((5, 1, 1), 13), ((4, 2, 1), 26), ((4, 2, 2), 50))108
(((5, 2, 1), 3), ((3, 2, 1), 5), ((5, 2, 1), 11), ((5, 1, 1), 13), ((4, 2, 1), 26), ((4, 2, 2), 50))108
(((5, 2, 1), 3), ((4, 2, 1), 6), ((3, 2, 1), 11), ((5, 1, 1), 13), ((3, 2, 1), 25), ((4, 2, 1), 50))108
(((5, 2, 1), 3), ((4, 2, 1), 6), ((3, 2, 1), 11), ((5, 1, 1), 13), ((5, 2, 2), 25), ((4, 2, 1), 50))108
(((5, 2, 1), 3), ((4, 2, 1), 6), ((5, 2, 2), 11), ((5, 1, 1), 13), ((3, 2, 1), 25), ((4, 2, 1), 50))108
(((5, 2, 1), 3), ((4, 2, 1), 6), ((5, 2, 2), 11), ((5, 1, 1), 13), ((5, 2, 2), 25), ((4, 2, 1), 50))108
(((5, 2, 1), 3), ((5, 1, 1), 5), ((5, 2, 1), 11), ((5, 1, 1), 13), ((4, 2, 1), 26), ((4, 2, 2), 50))108
(((5, 2, 1), 3), ((5, 2, 1), 7), ((3, 2, 2), 11), ((4, 1, 1), 12), ((5, 2, 1), 25), ((4, 2, 1), 50))108
(((5, 2, 1), 3), ((5, 2, 1), 7), ((4, 1, 1), 8), ((4, 2, 2), 14), ((4, 2, 2), 26), ((4, 2, 2), 50))108
(((5, 2, 1), 3), ((5, 2, 2), 5), ((5, 2, 1), 11), ((5, 1, 1), 13), ((4, 2, 1), 26), ((4, 2, 2), 50))108
(((5, 1, 1), 3), ((4, 2, 1), 6), ((3, 2, 1), 11), ((5, 1, 1), 13), ((4, 2, 1), 26), ((4, 2, 2), 50))109
(((5, 1, 1), 3), ((4, 2, 1), 6), ((4, 2, 1), 12), ((4, 1, 1), 13), ((3, 2, 1), 25), ((4, 2, 1), 50))109
(((5, 1, 1), 3), ((4, 2, 1), 6), ((4, 2, 1), 12), ((4, 1, 1), 13), ((5, 2, 2), 25), ((4, 2, 1), 50))109
(((5, 1, 1), 3), ((4, 2, 1), 6), ((5, 2, 2), 11), ((5, 1, 1), 13), ((4, 2, 1), 26), ((4, 2, 2), 50))109
(((5, 1, 1), 3), ((5, 2, 1), 7), ((3, 2, 2), 11), ((5, 1, 1), 13), ((3, 2, 1), 25), ((4, 2, 1), 50))109
(((5, 1, 1), 3), ((5, 2, 1), 7), ((3, 2, 2), 11), ((5, 1, 1), 13), ((5, 2, 2), 25), ((4, 2, 1), 50))109
(((5, 2, 1), 3), ((4, 2, 1), 6), ((3, 2, 1), 11), ((5, 1, 1), 13), ((4, 2, 1), 26), ((4, 2, 2), 50))109
(((5, 2, 1), 3), ((4, 2, 1), 6), ((4, 2, 1), 12), ((4, 1, 1), 13), ((3, 2, 1), 25), ((4, 2, 1), 50))109
(((5, 2, 1), 3), ((4, 2, 1), 6), ((4, 2, 1), 12), ((4, 1, 1), 13), ((5, 2, 2), 25), ((4, 2, 1), 50))109
(((5, 2, 1), 3), ((4, 2, 1), 6), ((5, 2, 2), 11), ((5, 1, 1), 13), ((4, 2, 1), 26), ((4, 2, 2), 50))109
(((5, 2, 1), 3), ((5, 2, 1), 7), ((3, 2, 2), 11), ((5, 1, 1), 13), ((3, 2, 1), 25), ((4, 2, 1), 50))109
(((5, 2, 1), 3), ((5, 2, 1), 7), ((3, 2, 2), 11), ((5, 1, 1), 13), ((5, 2, 2), 25), ((4, 2, 1), 50))109
(((5, 1, 1), 3), ((4, 2, 1), 6), ((4, 2, 1), 12), ((4, 1, 1), 13), ((4, 2, 1), 26), ((4, 2, 2), 50))110
(((5, 1, 1), 3), ((4, 2, 1), 6), ((4, 2, 1), 12), ((5, 1, 1), 14), ((3, 2, 2), 25), ((4, 2, 1), 50))110
(((5, 1, 1), 3), ((5, 2, 1), 7), ((3, 2, 2), 11), ((5, 1, 1), 13), ((4, 2, 1), 26), ((4, 2, 2), 50))110
(((5, 1, 1), 3), ((5, 2, 1), 7), ((4, 2, 2), 12), ((4, 1, 1), 13), ((3, 2, 1), 25), ((4, 2, 1), 50))110
(((5, 1, 1), 3), ((5, 2, 1), 7), ((4, 2, 2), 12), ((4, 1, 1), 13), ((5, 2, 2), 25), ((4, 2, 1), 50))110
(((5, 2, 1), 3), ((4, 2, 1), 6), ((4, 2, 1), 12), ((4, 1, 1), 13), ((4, 2, 1), 26), ((4, 2, 2), 50))110
(((5, 2, 1), 3), ((4, 2, 1), 6), ((4, 2, 1), 12), ((5, 1, 1), 14), ((3, 2, 2), 25), ((4, 2, 1), 50))110
(((5, 2, 1), 3), ((5, 2, 1), 7), ((3, 2, 2), 11), ((5, 1, 1), 13), ((4, 2, 1), 26), ((4, 2, 2), 50))110
(((5, 2, 1), 3), ((5, 2, 1), 7), ((4, 2, 2), 12), ((4, 1, 1), 13), ((3, 2, 1), 25), ((4, 2, 1), 50))110
(((5, 2, 1), 3), ((5, 2, 1), 7), ((4, 2, 2), 12), ((4, 1, 1), 13), ((5, 2, 2), 25), ((4, 2, 1), 50))110
(((5, 1, 1), 3), ((4, 2, 1), 6), ((4, 2, 1), 12), ((5, 1, 1), 14), ((4, 2, 2), 26), ((4, 2, 2), 50))111
(((5, 1, 1), 3), ((4, 2, 1), 6), ((5, 2, 1), 13), ((4, 1, 1), 14), ((3, 2, 2), 25), ((4, 2, 1), 50))111
(((5, 1, 1), 3), ((5, 2, 1), 7), ((4, 2, 2), 12), ((4, 1, 1), 13), ((4, 2, 1), 26), ((4, 2, 2), 50))111
(((5, 1, 1), 3), ((5, 2, 1), 7), ((4, 2, 2), 12), ((5, 1, 1), 14), ((3, 2, 2), 25), ((4, 2, 1), 50))111
(((5, 2, 1), 3), ((4, 2, 1), 6), ((4, 2, 1), 12), ((5, 1, 1), 14), ((4, 2, 2), 26), ((4, 2, 2), 50))111
(((5, 2, 1), 3), ((4, 2, 1), 6), ((5, 2, 1), 13), ((4, 1, 1), 14), ((3, 2, 2), 25), ((4, 2, 1), 50))111
(((5, 2, 1), 3), ((5, 2, 1), 7), ((4, 2, 2), 12), ((4, 1, 1), 13), ((4, 2, 1), 26), ((4, 2, 2), 50))111
(((5, 2, 1), 3), ((5, 2, 1), 7), ((4, 2, 2), 12), ((5, 1, 1), 14), ((3, 2, 2), 25), ((4, 2, 1), 50))111
(((5, 1, 1), 3), ((4, 2, 1), 6), ((5, 2, 1), 13), ((4, 1, 1), 14), ((4, 2, 2), 26), ((4, 2, 2), 50))112
(((5, 1, 1), 3), ((5, 2, 1), 7), ((3, 2, 1), 13), ((4, 1, 1), 14), ((3, 2, 2), 25), ((4, 2, 1), 50))112
(((5, 1, 1), 3), ((5, 2, 1), 7), ((4, 2, 2), 12), ((5, 1, 1), 14), ((4, 2, 2), 26), ((4, 2, 2), 50))112
(((5, 1, 1), 3), ((5, 2, 1), 7), ((5, 2, 2), 13), ((4, 1, 1), 14), ((3, 2, 2), 25), ((4, 2, 1), 50))112
(((5, 2, 1), 3), ((4, 2, 1), 6), ((5, 2, 1), 13), ((4, 1, 1), 14), ((4, 2, 2), 26), ((4, 2, 2), 50))112
(((5, 2, 1), 3), ((5, 2, 1), 7), ((3, 2, 1), 13), ((4, 1, 1), 14), ((3, 2, 2), 25), ((4, 2, 1), 50))112
(((5, 2, 1), 3), ((5, 2, 1), 7), ((4, 2, 2), 12), ((5, 1, 1), 14), ((4, 2, 2), 26), ((4, 2, 2), 50))112
(((5, 2, 1), 3), ((5, 2, 1), 7), ((5, 2, 2), 13), ((4, 1, 1), 14), ((3, 2, 2), 25), ((4, 2, 1), 50))112
(((5, 1, 1), 3), ((5, 2, 1), 7), ((3, 2, 1), 13), ((4, 1, 1), 14), ((4, 2, 2), 26), ((4, 2, 2), 50))113
(((5, 1, 1), 3), ((5, 2, 1), 7), ((5, 2, 2), 13), ((4, 1, 1), 14), ((4, 2, 2), 26), ((4, 2, 2), 50))113
(((5, 2, 1), 3), ((5, 2, 1), 7), ((3, 2, 1), 13), ((4, 1, 1), 14), ((4, 2, 2), 26), ((4, 2, 2), 50))113
(((5, 2, 1), 3), ((5, 2, 1), 7), ((5, 2, 2), 13), ((4, 1, 1), 14), ((4, 2, 2), 26), ((4, 2, 2), 50))113
(((4, 1, 1), 2), ((5, 2, 1), 5), ((5, 2, 1), 11), ((5, 2, 1), 23), ((5, 1, 1), 25), ((4, 2, 1), 50))116
(((4, 2, 1), 2), ((5, 2, 1), 5), ((5, 2, 1), 11), ((5, 2, 1), 23), ((5, 1, 1), 25), ((4, 2, 1), 50))116
(((5, 1, 1), 3), ((3, 2, 1), 5), ((5, 2, 1), 11), ((5, 2, 1), 23), ((5, 1, 1), 25), ((4, 2, 1), 50))117
(((5, 1, 1), 3), ((5, 1, 1), 5), ((5, 2, 1), 11), ((5, 2, 1), 23), ((5, 1, 1), 25), ((4, 2, 1), 50))117
(((5, 1, 1), 3), ((5, 2, 2), 5), ((5, 2, 1), 11), ((5, 2, 1), 23), ((5, 1, 1), 25), ((4, 2, 1), 50))117
(((5, 2, 1), 3), ((3, 2, 1), 5), ((5, 2, 1), 11), ((5, 2, 1), 23), ((5, 1, 1), 25), ((4, 2, 1), 50))117
(((5, 2, 1), 3), ((5, 1, 1), 5), ((5, 2, 1), 11), ((5, 2, 1), 23), ((5, 1, 1), 25), ((4, 2, 1), 50))117
(((5, 2, 1), 3), ((5, 2, 2), 5), ((5, 2, 1), 11), ((5, 2, 1), 23), ((5, 1, 1), 25), ((4, 2, 1), 50))117
(((5, 1, 1), 3), ((4, 2, 1), 6), ((3, 2, 1), 11), ((5, 2, 1), 23), ((5, 1, 1), 25), ((4, 2, 1), 50))118
(((5, 1, 1), 3), ((4, 2, 1), 6), ((5, 2, 2), 11), ((5, 2, 1), 23), ((5, 1, 1), 25), ((4, 2, 1), 50))118
(((5, 2, 1), 3), ((4, 2, 1), 6), ((3, 2, 1), 11), ((5, 2, 1), 23), ((5, 1, 1), 25), ((4, 2, 1), 50))118
(((5, 2, 1), 3), ((4, 2, 1), 6), ((5, 2, 2), 11), ((5, 2, 1), 23), ((5, 1, 1), 25), ((4, 2, 1), 50))118
(((5, 1, 1), 3), ((4, 2, 1), 6), ((4, 2, 1), 12), ((3, 2, 1), 23), ((5, 1, 1), 25), ((4, 2, 1), 50))119
(((5, 1, 1), 3), ((4, 2, 1), 6), ((4, 2, 1), 12), ((5, 2, 2), 23), ((5, 1, 1), 25), ((4, 2, 1), 50))119
(((5, 1, 1), 3), ((5, 2, 1), 7), ((3, 2, 2), 11), ((5, 2, 1), 23), ((5, 1, 1), 25), ((4, 2, 1), 50))119
(((5, 2, 1), 3), ((4, 2, 1), 6), ((4, 2, 1), 12), ((3, 2, 1), 23), ((5, 1, 1), 25), ((4, 2, 1), 50))119
(((5, 2, 1), 3), ((4, 2, 1), 6), ((4, 2, 1), 12), ((5, 2, 2), 23), ((5, 1, 1), 25), ((4, 2, 1), 50))119
(((5, 2, 1), 3), ((5, 2, 1), 7), ((3, 2, 2), 11), ((5, 2, 1), 23), ((5, 1, 1), 25), ((4, 2, 1), 50))119
(((5, 1, 1), 3), ((4, 2, 1), 6), ((4, 2, 1), 12), ((4, 2, 1), 24), ((4, 1, 1), 25), ((4, 2, 1), 50))120
(((5, 1, 1), 3), ((4, 2, 1), 6), ((5, 2, 1), 13), ((3, 2, 2), 23), ((5, 1, 1), 25), ((4, 2, 1), 50))120
(((5, 1, 1), 3), ((5, 2, 1), 7), ((4, 2, 2), 12), ((3, 2, 1), 23), ((5, 1, 1), 25), ((4, 2, 1), 50))120
(((5, 1, 1), 3), ((5, 2, 1), 7), ((4, 2, 2), 12), ((5, 2, 2), 23), ((5, 1, 1), 25), ((4, 2, 1), 50))120
(((5, 2, 1), 3), ((4, 2, 1), 6), ((4, 2, 1), 12), ((4, 2, 1), 24), ((4, 1, 1), 25), ((4, 2, 1), 50))120
(((5, 2, 1), 3), ((4, 2, 1), 6), ((5, 2, 1), 13), ((3, 2, 2), 23), ((5, 1, 1), 25), ((4, 2, 1), 50))120
(((5, 2, 1), 3), ((5, 2, 1), 7), ((4, 2, 2), 12), ((3, 2, 1), 23), ((5, 1, 1), 25), ((4, 2, 1), 50))120
(((5, 2, 1), 3), ((5, 2, 1), 7), ((4, 2, 2), 12), ((5, 2, 2), 23), ((5, 1, 1), 25), ((4, 2, 1), 50))120
(((5, 1, 1), 3), ((4, 2, 1), 6), ((4, 2, 1), 12), ((4, 2, 1), 24), ((5, 1, 1), 26), ((4, 2, 2), 50))121
(((5, 1, 1), 3), ((4, 2, 1), 6), ((5, 2, 1), 13), ((4, 2, 2), 24), ((4, 1, 1), 25), ((4, 2, 1), 50))121
(((5, 1, 1), 3), ((5, 2, 1), 7), ((3, 2, 1), 13), ((3, 2, 2), 23), ((5, 1, 1), 25), ((4, 2, 1), 50))121
(((5, 1, 1), 3), ((5, 2, 1), 7), ((4, 2, 2), 12), ((4, 2, 1), 24), ((4, 1, 1), 25), ((4, 2, 1), 50))121
(((5, 1, 1), 3), ((5, 2, 1), 7), ((5, 2, 2), 13), ((3, 2, 2), 23), ((5, 1, 1), 25), ((4, 2, 1), 50))121
(((5, 2, 1), 3), ((4, 2, 1), 6), ((4, 2, 1), 12), ((4, 2, 1), 24), ((5, 1, 1), 26), ((4, 2, 2), 50))121
(((5, 2, 1), 3), ((4, 2, 1), 6), ((5, 2, 1), 13), ((4, 2, 2), 24), ((4, 1, 1), 25), ((4, 2, 1), 50))121
(((5, 2, 1), 3), ((5, 2, 1), 7), ((3, 2, 1), 13), ((3, 2, 2), 23), ((5, 1, 1), 25), ((4, 2, 1), 50))121
(((5, 2, 1), 3), ((5, 2, 1), 7), ((4, 2, 2), 12), ((4, 2, 1), 24), ((4, 1, 1), 25), ((4, 2, 1), 50))121
(((5, 2, 1), 3), ((5, 2, 1), 7), ((5, 2, 2), 13), ((3, 2, 2), 23), ((5, 1, 1), 25), ((4, 2, 1), 50))121
(((5, 1, 1), 3), ((4, 2, 1), 6), ((4, 2, 1), 12), ((5, 2, 1), 25), ((4, 1, 1), 26), ((4, 2, 2), 50))122
(((5, 1, 1), 3), ((4, 2, 1), 6), ((5, 2, 1), 13), ((4, 2, 2), 24), ((5, 1, 1), 26), ((4, 2, 2), 50))122
(((5, 1, 1), 3), ((5, 2, 1), 7), ((3, 2, 1), 13), ((4, 2, 2), 24), ((4, 1, 1), 25), ((4, 2, 1), 50))122
(((5, 1, 1), 3), ((5, 2, 1), 7), ((4, 2, 2), 12), ((4, 2, 1), 24), ((5, 1, 1), 26), ((4, 2, 2), 50))122
(((5, 1, 1), 3), ((5, 2, 1), 7), ((5, 2, 2), 13), ((4, 2, 2), 24), ((4, 1, 1), 25), ((4, 2, 1), 50))122
(((5, 2, 1), 3), ((4, 2, 1), 6), ((4, 2, 1), 12), ((5, 2, 1), 25), ((4, 1, 1), 26), ((4, 2, 2), 50))122
(((5, 2, 1), 3), ((4, 2, 1), 6), ((5, 2, 1), 13), ((4, 2, 2), 24), ((5, 1, 1), 26), ((4, 2, 2), 50))122
(((5, 2, 1), 3), ((5, 2, 1), 7), ((3, 2, 1), 13), ((4, 2, 2), 24), ((4, 1, 1), 25), ((4, 2, 1), 50))122
(((5, 2, 1), 3), ((5, 2, 1), 7), ((4, 2, 2), 12), ((4, 2, 1), 24), ((5, 1, 1), 26), ((4, 2, 2), 50))122
(((5, 2, 1), 3), ((5, 2, 1), 7), ((5, 2, 2), 13), ((4, 2, 2), 24), ((4, 1, 1), 25), ((4, 2, 1), 50))122
(((5, 1, 1), 3), ((4, 2, 1), 6), ((5, 2, 1), 13), ((3, 2, 1), 25), ((4, 1, 1), 26), ((4, 2, 2), 50))123
(((5, 1, 1), 3), ((4, 2, 1), 6), ((5, 2, 1), 13), ((5, 2, 2), 25), ((4, 1, 1), 26), ((4, 2, 2), 50))123
(((5, 1, 1), 3), ((5, 2, 1), 7), ((3, 2, 1), 13), ((4, 2, 2), 24), ((5, 1, 1), 26), ((4, 2, 2), 50))123
(((5, 1, 1), 3), ((5, 2, 1), 7), ((4, 2, 2), 12), ((5, 2, 1), 25), ((4, 1, 1), 26), ((4, 2, 2), 50))123
(((5, 1, 1), 3), ((5, 2, 1), 7), ((5, 2, 2), 13), ((4, 2, 2), 24), ((5, 1, 1), 26), ((4, 2, 2), 50))123
(((5, 2, 1), 3), ((4, 2, 1), 6), ((5, 2, 1), 13), ((3, 2, 1), 25), ((4, 1, 1), 26), ((4, 2, 2), 50))123
(((5, 2, 1), 3), ((4, 2, 1), 6), ((5, 2, 1), 13), ((5, 2, 2), 25), ((4, 1, 1), 26), ((4, 2, 2), 50))123
(((5, 2, 1), 3), ((5, 2, 1), 7), ((3, 2, 1), 13), ((4, 2, 2), 24), ((5, 1, 1), 26), ((4, 2, 2), 50))123
(((5, 2, 1), 3), ((5, 2, 1), 7), ((4, 2, 2), 12), ((5, 2, 1), 25), ((4, 1, 1), 26), ((4, 2, 2), 50))123
(((5, 2, 1), 3), ((5, 2, 1), 7), ((5, 2, 2), 13), ((4, 2, 2), 24), ((5, 1, 1), 26), ((4, 2, 2), 50))123
(((5, 1, 1), 3), ((5, 2, 1), 7), ((3, 2, 1), 13), ((3, 2, 1), 25), ((4, 1, 1), 26), ((4, 2, 2), 50))124
(((5, 1, 1), 3), ((5, 2, 1), 7), ((3, 2, 1), 13), ((5, 2, 2), 25), ((4, 1, 1), 26), ((4, 2, 2), 50))124
(((5, 1, 1), 3), ((5, 2, 1), 7), ((5, 2, 2), 13), ((3, 2, 1), 25), ((4, 1, 1), 26), ((4, 2, 2), 50))124
(((5, 1, 1), 3), ((5, 2, 1), 7), ((5, 2, 2), 13), ((5, 2, 2), 25), ((4, 1, 1), 26), ((4, 2, 2), 50))124
(((5, 2, 1), 3), ((5, 2, 1), 7), ((3, 2, 1), 13), ((3, 2, 1), 25), ((4, 1, 1), 26), ((4, 2, 2), 50))124
(((5, 2, 1), 3), ((5, 2, 1), 7), ((3, 2, 1), 13), ((5, 2, 2), 25), ((4, 1, 1), 26), ((4, 2, 2), 50))124
(((5, 2, 1), 3), ((5, 2, 1), 7), ((5, 2, 2), 13), ((3, 2, 1), 25), ((4, 1, 1), 26), ((4, 2, 2), 50))124
(((5, 2, 1), 3), ((5, 2, 1), 7), ((5, 2, 2), 13), ((5, 2, 2), 25), ((4, 1, 1), 26), ((4, 2, 2), 50))124
(((5, 1, 1), 3), ((5, 2, 1), 7), ((4, 2, 1), 14), ((3, 2, 2), 25), ((4, 1, 1), 26), ((4, 2, 2), 50))125
(((5, 2, 1), 3), ((5, 2, 1), 7), ((4, 2, 1), 14), ((3, 2, 2), 25), ((4, 1, 1), 26), ((4, 2, 2), 50))125
(((5, 1, 1), 3), ((4, 2, 1), 6), ((4, 2, 1), 12), ((4, 2, 1), 24), ((4, 2, 1), 48), ((5, 1, 1), 50))143
(((5, 2, 1), 3), ((4, 2, 1), 6), ((4, 2, 1), 12), ((4, 2, 1), 24), ((4, 2, 1), 48), ((5, 1, 1), 50))143
(((5, 1, 1), 3), ((4, 2, 1), 6), ((4, 2, 1), 12), ((4, 2, 1), 24), ((5, 2, 1), 49), ((4, 1, 1), 50))144
(((5, 1, 1), 3), ((4, 2, 1), 6), ((4, 2, 1), 12), ((5, 2, 1), 25), ((4, 2, 2), 48), ((5, 1, 1), 50))144
(((5, 1, 1), 3), ((4, 2, 1), 6), ((5, 2, 1), 13), ((4, 2, 2), 24), ((4, 2, 1), 48), ((5, 1, 1), 50))144
(((5, 1, 1), 3), ((5, 2, 1), 7), ((4, 2, 2), 12), ((4, 2, 1), 24), ((4, 2, 1), 48), ((5, 1, 1), 50))144
(((5, 2, 1), 3), ((4, 2, 1), 6), ((4, 2, 1), 12), ((4, 2, 1), 24), ((5, 2, 1), 49), ((4, 1, 1), 50))144
(((5, 2, 1), 3), ((4, 2, 1), 6), ((4, 2, 1), 12), ((5, 2, 1), 25), ((4, 2, 2), 48), ((5, 1, 1), 50))144
(((5, 2, 1), 3), ((4, 2, 1), 6), ((5, 2, 1), 13), ((4, 2, 2), 24), ((4, 2, 1), 48), ((5, 1, 1), 50))144
(((5, 2, 1), 3), ((5, 2, 1), 7), ((4, 2, 2), 12), ((4, 2, 1), 24), ((4, 2, 1), 48), ((5, 1, 1), 50))144
(((5, 1, 1), 3), ((4, 2, 1), 6), ((4, 2, 1), 12), ((5, 2, 1), 25), ((3, 2, 1), 49), ((4, 1, 1), 50))145
(((5, 1, 1), 3), ((4, 2, 1), 6), ((4, 2, 1), 12), ((5, 2, 1), 25), ((5, 2, 2), 49), ((4, 1, 1), 50))145
(((5, 1, 1), 3), ((4, 2, 1), 6), ((5, 2, 1), 13), ((3, 2, 1), 25), ((4, 2, 2), 48), ((5, 1, 1), 50))145
(((5, 1, 1), 3), ((4, 2, 1), 6), ((5, 2, 1), 13), ((4, 2, 2), 24), ((5, 2, 1), 49), ((4, 1, 1), 50))145
(((5, 1, 1), 3), ((4, 2, 1), 6), ((5, 2, 1), 13), ((5, 2, 2), 25), ((4, 2, 2), 48), ((5, 1, 1), 50))145
(((5, 1, 1), 3), ((5, 2, 1), 7), ((3, 2, 1), 13), ((4, 2, 2), 24), ((4, 2, 1), 48), ((5, 1, 1), 50))145
(((5, 1, 1), 3), ((5, 2, 1), 7), ((4, 2, 2), 12), ((4, 2, 1), 24), ((5, 2, 1), 49), ((4, 1, 1), 50))145
(((5, 1, 1), 3), ((5, 2, 1), 7), ((4, 2, 2), 12), ((5, 2, 1), 25), ((4, 2, 2), 48), ((5, 1, 1), 50))145
(((5, 1, 1), 3), ((5, 2, 1), 7), ((5, 2, 2), 13), ((4, 2, 2), 24), ((4, 2, 1), 48), ((5, 1, 1), 50))145
(((5, 2, 1), 3), ((4, 2, 1), 6), ((4, 2, 1), 12), ((5, 2, 1), 25), ((3, 2, 1), 49), ((4, 1, 1), 50))145
(((5, 2, 1), 3), ((4, 2, 1), 6), ((4, 2, 1), 12), ((5, 2, 1), 25), ((5, 2, 2), 49), ((4, 1, 1), 50))145
(((5, 2, 1), 3), ((4, 2, 1), 6), ((5, 2, 1), 13), ((3, 2, 1), 25), ((4, 2, 2), 48), ((5, 1, 1), 50))145
(((5, 2, 1), 3), ((4, 2, 1), 6), ((5, 2, 1), 13), ((4, 2, 2), 24), ((5, 2, 1), 49), ((4, 1, 1), 50))145
(((5, 2, 1), 3), ((4, 2, 1), 6), ((5, 2, 1), 13), ((5, 2, 2), 25), ((4, 2, 2), 48), ((5, 1, 1), 50))145
(((5, 2, 1), 3), ((5, 2, 1), 7), ((3, 2, 1), 13), ((4, 2, 2), 24), ((4, 2, 1), 48), ((5, 1, 1), 50))145
(((5, 2, 1), 3), ((5, 2, 1), 7), ((4, 2, 2), 12), ((4, 2, 1), 24), ((5, 2, 1), 49), ((4, 1, 1), 50))145
(((5, 2, 1), 3), ((5, 2, 1), 7), ((4, 2, 2), 12), ((5, 2, 1), 25), ((4, 2, 2), 48), ((5, 1, 1), 50))145
(((5, 2, 1), 3), ((5, 2, 1), 7), ((5, 2, 2), 13), ((4, 2, 2), 24), ((4, 2, 1), 48), ((5, 1, 1), 50))145
(((5, 1, 1), 3), ((4, 2, 1), 6), ((5, 2, 1), 13), ((3, 2, 1), 25), ((3, 2, 1), 49), ((4, 1, 1), 50))146
(((5, 1, 1), 3), ((4, 2, 1), 6), ((5, 2, 1), 13), ((3, 2, 1), 25), ((5, 2, 2), 49), ((4, 1, 1), 50))146
(((5, 1, 1), 3), ((4, 2, 1), 6), ((5, 2, 1), 13), ((5, 2, 2), 25), ((3, 2, 1), 49), ((4, 1, 1), 50))146
(((5, 1, 1), 3), ((4, 2, 1), 6), ((5, 2, 1), 13), ((5, 2, 2), 25), ((5, 2, 2), 49), ((4, 1, 1), 50))146
(((5, 1, 1), 3), ((5, 2, 1), 7), ((3, 2, 1), 13), ((3, 2, 1), 25), ((4, 2, 2), 48), ((5, 1, 1), 50))146
(((5, 1, 1), 3), ((5, 2, 1), 7), ((3, 2, 1), 13), ((4, 2, 2), 24), ((5, 2, 1), 49), ((4, 1, 1), 50))146
(((5, 1, 1), 3), ((5, 2, 1), 7), ((3, 2, 1), 13), ((5, 2, 2), 25), ((4, 2, 2), 48), ((5, 1, 1), 50))146
(((5, 1, 1), 3), ((5, 2, 1), 7), ((4, 2, 2), 12), ((5, 2, 1), 25), ((3, 2, 1), 49), ((4, 1, 1), 50))146
(((5, 1, 1), 3), ((5, 2, 1), 7), ((4, 2, 2), 12), ((5, 2, 1), 25), ((5, 2, 2), 49), ((4, 1, 1), 50))146
(((5, 1, 1), 3), ((5, 2, 1), 7), ((5, 2, 2), 13), ((3, 2, 1), 25), ((4, 2, 2), 48), ((5, 1, 1), 50))146
(((5, 1, 1), 3), ((5, 2, 1), 7), ((5, 2, 2), 13), ((4, 2, 2), 24), ((5, 2, 1), 49), ((4, 1, 1), 50))146
(((5, 1, 1), 3), ((5, 2, 1), 7), ((5, 2, 2), 13), ((5, 2, 2), 25), ((4, 2, 2), 48), ((5, 1, 1), 50))146
(((5, 2, 1), 3), ((4, 2, 1), 6), ((5, 2, 1), 13), ((3, 2, 1), 25), ((3, 2, 1), 49), ((4, 1, 1), 50))146
(((5, 2, 1), 3), ((4, 2, 1), 6), ((5, 2, 1), 13), ((3, 2, 1), 25), ((5, 2, 2), 49), ((4, 1, 1), 50))146
(((5, 2, 1), 3), ((4, 2, 1), 6), ((5, 2, 1), 13), ((5, 2, 2), 25), ((3, 2, 1), 49), ((4, 1, 1), 50))146
(((5, 2, 1), 3), ((4, 2, 1), 6), ((5, 2, 1), 13), ((5, 2, 2), 25), ((5, 2, 2), 49), ((4, 1, 1), 50))146
(((5, 2, 1), 3), ((5, 2, 1), 7), ((3, 2, 1), 13), ((3, 2, 1), 25), ((4, 2, 2), 48), ((5, 1, 1), 50))146
(((5, 2, 1), 3), ((5, 2, 1), 7), ((3, 2, 1), 13), ((4, 2, 2), 24), ((5, 2, 1), 49), ((4, 1, 1), 50))146
(((5, 2, 1), 3), ((5, 2, 1), 7), ((3, 2, 1), 13), ((5, 2, 2), 25), ((4, 2, 2), 48), ((5, 1, 1), 50))146
(((5, 2, 1), 3), ((5, 2, 1), 7), ((4, 2, 2), 12), ((5, 2, 1), 25), ((3, 2, 1), 49), ((4, 1, 1), 50))146
(((5, 2, 1), 3), ((5, 2, 1), 7), ((4, 2, 2), 12), ((5, 2, 1), 25), ((5, 2, 2), 49), ((4, 1, 1), 50))146
(((5, 2, 1), 3), ((5, 2, 1), 7), ((5, 2, 2), 13), ((3, 2, 1), 25), ((4, 2, 2), 48), ((5, 1, 1), 50))146
(((5, 2, 1), 3), ((5, 2, 1), 7), ((5, 2, 2), 13), ((4, 2, 2), 24), ((5, 2, 1), 49), ((4, 1, 1), 50))146
(((5, 2, 1), 3), ((5, 2, 1), 7), ((5, 2, 2), 13), ((5, 2, 2), 25), ((4, 2, 2), 48), ((5, 1, 1), 50))146
(((5, 1, 1), 3), ((4, 2, 1), 6), ((5, 2, 1), 13), ((4, 2, 1), 26), ((3, 2, 2), 49), ((4, 1, 1), 50))147
(((5, 1, 1), 3), ((5, 2, 1), 7), ((3, 2, 1), 13), ((3, 2, 1), 25), ((3, 2, 1), 49), ((4, 1, 1), 50))147
(((5, 1, 1), 3), ((5, 2, 1), 7), ((3, 2, 1), 13), ((3, 2, 1), 25), ((5, 2, 2), 49), ((4, 1, 1), 50))147
(((5, 1, 1), 3), ((5, 2, 1), 7), ((3, 2, 1), 13), ((5, 2, 2), 25), ((3, 2, 1), 49), ((4, 1, 1), 50))147
(((5, 1, 1), 3), ((5, 2, 1), 7), ((3, 2, 1), 13), ((5, 2, 2), 25), ((5, 2, 2), 49), ((4, 1, 1), 50))147
(((5, 1, 1), 3), ((5, 2, 1), 7), ((4, 2, 1), 14), ((3, 2, 2), 25), ((4, 2, 2), 48), ((5, 1, 1), 50))147
(((5, 1, 1), 3), ((5, 2, 1), 7), ((5, 2, 2), 13), ((3, 2, 1), 25), ((3, 2, 1), 49), ((4, 1, 1), 50))147
(((5, 1, 1), 3), ((5, 2, 1), 7), ((5, 2, 2), 13), ((3, 2, 1), 25), ((5, 2, 2), 49), ((4, 1, 1), 50))147
(((5, 1, 1), 3), ((5, 2, 1), 7), ((5, 2, 2), 13), ((5, 2, 2), 25), ((3, 2, 1), 49), ((4, 1, 1), 50))147
(((5, 1, 1), 3), ((5, 2, 1), 7), ((5, 2, 2), 13), ((5, 2, 2), 25), ((5, 2, 2), 49), ((4, 1, 1), 50))147
(((5, 2, 1), 3), ((4, 2, 1), 6), ((5, 2, 1), 13), ((4, 2, 1), 26), ((3, 2, 2), 49), ((4, 1, 1), 50))147
(((5, 2, 1), 3), ((5, 2, 1), 7), ((3, 2, 1), 13), ((3, 2, 1), 25), ((3, 2, 1), 49), ((4, 1, 1), 50))147
(((5, 2, 1), 3), ((5, 2, 1), 7), ((3, 2, 1), 13), ((3, 2, 1), 25), ((5, 2, 2), 49), ((4, 1, 1), 50))147
(((5, 2, 1), 3), ((5, 2, 1), 7), ((3, 2, 1), 13), ((5, 2, 2), 25), ((3, 2, 1), 49), ((4, 1, 1), 50))147
(((5, 2, 1), 3), ((5, 2, 1), 7), ((3, 2, 1), 13), ((5, 2, 2), 25), ((5, 2, 2), 49), ((4, 1, 1), 50))147
(((5, 2, 1), 3), ((5, 2, 1), 7), ((4, 2, 1), 14), ((3, 2, 2), 25), ((4, 2, 2), 48), ((5, 1, 1), 50))147
(((5, 2, 1), 3), ((5, 2, 1), 7), ((5, 2, 2), 13), ((3, 2, 1), 25), ((3, 2, 1), 49), ((4, 1, 1), 50))147
(((5, 2, 1), 3), ((5, 2, 1), 7), ((5, 2, 2), 13), ((3, 2, 1), 25), ((5, 2, 2), 49), ((4, 1, 1), 50))147
(((5, 2, 1), 3), ((5, 2, 1), 7), ((5, 2, 2), 13), ((5, 2, 2), 25), ((3, 2, 1), 49), ((4, 1, 1), 50))147
(((5, 2, 1), 3), ((5, 2, 1), 7), ((5, 2, 2), 13), ((5, 2, 2), 25), ((5, 2, 2), 49), ((4, 1, 1), 50))147
(((5, 1, 1), 3), ((5, 2, 1), 7), ((3, 2, 1), 13), ((4, 2, 1), 26), ((3, 2, 2), 49), ((4, 1, 1), 50))148
(((5, 1, 1), 3), ((5, 2, 1), 7), ((4, 2, 1), 14), ((3, 2, 2), 25), ((3, 2, 1), 49), ((4, 1, 1), 50))148
(((5, 1, 1), 3), ((5, 2, 1), 7), ((4, 2, 1), 14), ((3, 2, 2), 25), ((5, 2, 2), 49), ((4, 1, 1), 50))148
(((5, 1, 1), 3), ((5, 2, 1), 7), ((5, 2, 2), 13), ((4, 2, 1), 26), ((3, 2, 2), 49), ((4, 1, 1), 50))148
(((5, 2, 1), 3), ((5, 2, 1), 7), ((3, 2, 1), 13), ((4, 2, 1), 26), ((3, 2, 2), 49), ((4, 1, 1), 50))148
(((5, 2, 1), 3), ((5, 2, 1), 7), ((4, 2, 1), 14), ((3, 2, 2), 25), ((3, 2, 1), 49), ((4, 1, 1), 50))148
(((5, 2, 1), 3), ((5, 2, 1), 7), ((4, 2, 1), 14), ((3, 2, 2), 25), ((5, 2, 2), 49), ((4, 1, 1), 50))148
(((5, 2, 1), 3), ((5, 2, 1), 7), ((5, 2, 2), 13), ((4, 2, 1), 26), ((3, 2, 2), 49), ((4, 1, 1), 50))148
(((5, 1, 1), 3), ((5, 2, 1), 7), ((4, 2, 1), 14), ((4, 2, 2), 26), ((3, 2, 2), 49), ((4, 1, 1), 50))149
(((5, 2, 1), 3), ((5, 2, 1), 7), ((4, 2, 1), 14), ((4, 2, 2), 26), ((3, 2, 2), 49), ((4, 1, 1), 50))149
